8192 -314
8196 0
8200 -305
8204 0
8208 -295
8212 0
8216 -285
8220 0
8224 -274
8228 0
8232 -263
8236 0
8240 -251
8244 0
8248 -239
8252 0
8256 -226
8260 0
8264 -213
8268 0
8272 -199
8276 0
8280 -185
8284 0
8288 -170
8292 0
8296 -155
8300 0
8304 -139
8308 0
8312 -123
8316 0
8320 -106
8324 0
8328 -89
8332 0
8336 -71
8340 0
8344 -53
8348 0
8352 -34
8356 0
8360 -15
8364 0
8368 5
8372 0
8376 25
8380 0
8384 46
8388 0
8392 67
8396 0
8400 89
8404 0
8408 111
8412 0
8416 134
8420 0
8424 157
8428 0
8432 181
8436 0
8440 205
8444 0
8448 230
8452 0
8456 255
8460 0
8464 281
8468 0
8472 307
8476 0
8480 334
8484 0
8488 361
8492 0
8496 389
8500 0
8504 417
8508 0
8512 446
8516 0
8520 475
8524 0
8528 505
8532 0
8536 535
8540 0
8544 566
8548 0
8552 597
8556 0
8560 629
8564 0
8568 661
8572 0
8576 694
8580 0
8584 727
8588 0
8592 761
8596 0
8600 795
8604 0
8608 830
8612 0
8616 865
8620 0
8624 901
8628 0
8632 937
8636 0
8640 974
8644 0
8648 1011
8652 0
8656 1049
8660 0
8664 1087
8668 0
8672 1126
8676 0
8680 1165
8684 0
8688 1205
8692 0
8696 1245
8700 0
8704 1286
8708 0
8712 1327
8716 0
8720 1369
8724 0
8728 1411
8732 0
8736 1454
8740 0
8744 1497
8748 0
8752 1541
8756 0
8760 1585
8764 0
8768 1630
8772 0
8776 1675
8780 0
8784 1721
8788 0
8792 1767
8796 0
8800 1814
8804 0
8808 1861
8812 0
8816 1909
8820 0
8824 1957
8828 0
8832 2006
8836 0
8840 2055
8844 0
8848 2105
8852 0
8856 2155
8860 0
8864 2206
8868 0
8872 2257
8876 0
8880 2309
8884 0
8888 2361
8892 0
8896 2414
8900 0
8904 2467
8908 0
8912 2521
8916 0
8920 2575
8924 0
8928 2630
8932 0
8936 2685
8940 0
8944 2741
8948 0
8952 2797
8956 0
8960 2854
8964 0
8968 2911
8972 0
8976 2969
8980 0
8984 3027
8988 0
8992 3086
8996 0
9000 3145
9004 0
9008 3205
9012 0
9016 3265
9020 0
9024 3326
9028 0
9032 3387
9036 0
9040 3449
9044 0
9048 3511
9052 0
9056 3574
9060 0
9064 3637
9068 0
9072 3701
9076 0
9080 3765
9084 0
9088 3830
9092 0
9096 3895
9100 0
9104 3961
9108 0
9112 4027
9116 0
9120 4094
9124 0
9128 4161
9132 0
9136 4229
9140 0
9144 4297
9148 0
9152 4366
9156 0
9160 4435
9164 0
9168 4505
9172 0
9176 4575
9180 0
9184 4646
9188 0
9192 4717
9196 0
9200 4789
9204 0
9208 4861
9212 0
9216 4934
9220 0
9224 5007
9228 0
9232 5081
9236 0
9240 5155
9244 0
9248 5230
9252 0
9256 5305
9260 0
9264 5381
9268 0
9272 5457
9276 0
9280 5534
9284 0
9288 5611
9292 0
9296 5689
9300 0
9304 5767
9308 0
9312 5846
9316 0
9320 5925
9324 0
9328 6005
9332 0
9336 6085
9340 0
9344 6166
9348 0
9352 6247
9356 0
9360 6329
9364 0
9368 6411
9372 0
9376 6494
9380 0
9384 6577
9388 0
9392 6661
9396 0
9400 6745
9404 0
9408 6830
9412 0
9416 6915
9420 0
9424 7001
9428 0
9432 7087
9436 0
9440 7174
9444 0
9448 7261
9452 0
9456 7349
9460 0
9464 7437
9468 0
9472 7526
9476 0
9480 7615
9484 0
9488 7705
9492 0
9496 7795
9500 0
9504 7886
9508 0
9512 7977
9516 0
9520 8069
9524 0
9528 8161
9532 0
9536 8254
9540 0
9544 8347
9548 0
9552 8441
9556 0
9560 8535
9564 0
9568 8630
9572 0
9576 8725
9580 0
9584 8821
9588 0
9592 8917
9596 0
9600 9014
9604 0
9608 9111
9612 0
9616 9209
9620 0
9624 9307
9628 0
9632 9406
9636 0
9640 9505
9644 0
9648 9605
9652 0
9656 9705
9660 0
9664 9806
9668 0
9672 9907
9676 0
9680 10009
9684 0
9688 10111
9692 0
9696 10214
9700 0
9704 10317
9708 0
9712 10421
9716 0
9720 10525
9724 0
9728 10630
9732 0
9736 10735
9740 0
9744 10841
9748 0
9752 10947
9756 0
9760 11054
9764 0
9768 11161
9772 0
9776 11269
9780 0
9784 11377
9788 0
9792 11486
9796 0
9800 11595
9804 0
9808 11705
9812 0
9816 11815
9820 0
9824 11926
9828 0
9832 12037
9836 0
9840 12149
9844 0
9848 12261
9852 0
9856 12374
9860 0
9864 12487
9868 0
9872 12601
9876 0
9880 12715
9884 0
9888 12830
9892 0
9896 12945
9900 0
9904 13061
9908 0
9912 13177
9916 0
9920 13294
9924 0
9928 13411
9932 0
9936 13529
9940 0
9944 13647
9948 0
9952 13766
9956 0
9960 13885
9964 0
9968 14005
9972 0
9976 14125
9980 0
9984 14246
9988 0
9992 14367
9996 0
10000 14489
10004 0
10008 14611
10012 0
10016 14734
10020 0
10024 14857
10028 0
10032 14981
10036 0
10040 15105
10044 0
10048 15230
10052 0
10056 15355
10060 0
10064 15481
10068 0
10072 15607
10076 0
10080 15734
10084 0
10088 15861
10092 0
10096 15989
10100 0
10104 16117
10108 0
10112 16246
10116 0
10120 16375
10124 0
10128 16505
10132 0
10136 16635
10140 0
10144 16766
10148 0
10152 16897
10156 0
10160 17029
10164 0
10168 17161
10172 0
10176 17294
10180 0
10184 17427
10188 0
10192 17561
10196 0
10200 17695
10204 0
10208 17830
10212 0
10216 17965
10220 0
10224 18101
10228 0
10232 18237
10236 0
10240 -321
10244 0
10248 -305
10252 0
10256 -300
10260 0
10264 -287
10268 0
10272 -277
10276 0
10280 -266
10284 0
10288 -251
10292 0
10296 -244
10300 0
10304 -224
10308 0
10312 -220
10316 0
10320 -195
10324 0
10328 -194
10332 0
10336 -163
10340 0
10344 -165
10348 0
10352 -130
10356 0
10360 -135
10364 0
10368 -94
10372 0
10376 -103
10380 0
10384 -56
10388 0
10392 -69
10396 0
10400 -16
10404 0
10408 -33
10412 0
10416 26
10420 0
10424 4
10428 0
10432 70
10436 0
10440 44
10444 0
10448 116
10452 0
10456 86
10460 0
10464 164
10468 0
10472 129
10476 0
10480 215
10484 0
10488 175
10492 0
10496 267
10500 0
10504 223
10508 0
10512 322
10516 0
10520 272
10524 0
10528 379
10532 0
10536 323
10540 0
10544 437
10548 0
10552 377
10556 0
10560 498
10564 0
10568 432
10572 0
10576 561
10580 0
10584 489
10588 0
10592 626
10596 0
10600 549
10604 0
10608 694
10612 0
10616 610
10620 0
10624 763
10628 0
10632 673
10636 0
10640 834
10644 0
10648 738
10652 0
10656 908
10660 0
10664 805
10668 0
10672 983
10676 0
10680 873
10684 0
10688 1061
10692 0
10696 944
10700 0
10704 1141
10708 0
10712 1017
10716 0
10720 1223
10724 0
10728 1092
10732 0
10736 1307
10740 0
10744 1168
10748 0
10752 1393
10756 0
10760 1247
10764 0
10768 1481
10772 0
10776 1327
10780 0
10784 1571
10788 0
10792 1410
10796 0
10800 1664
10804 0
10808 1494
10812 0
10816 1758
10820 0
10824 1581
10828 0
10832 1855
10836 0
10840 1669
10844 0
10848 1954
10852 0
10856 1759
10860 0
10864 2054
10868 0
10872 1851
10876 0
10880 2157
10884 0
10888 1945
10892 0
10896 2262
10900 0
10904 2041
10908 0
10912 2369
10916 0
10920 2139
10924 0
10928 2479
10932 0
10936 2239
10940 0
10944 2590
10948 0
10952 2341
10956 0
10960 2703
10964 0
10968 2445
10972 0
10976 2819
10980 0
10984 2551
10988 0
10992 2936
10996 0
11000 2996
11004 0
11008 2713
11012 0
11016 3117
11020 0
11024 2823
11028 0
11032 3240
11036 0
11040 2936
11044 0
11048 3365
11052 0
11056 3050
11060 0
11064 3492
11068 0
11072 3167
11076 0
11080 3621
11084 0
11088 3285
11092 0
11096 3752
11100 0
11104 3405
11108 0
11112 3886
11116 0
11120 3527
11124 0
11128 4021
11132 0
11136 3652
11140 0
11144 4159
11148 0
11152 3778
11156 0
11160 4298
11164 0
11168 3906
11172 0
11176 4440
11180 0
11184 4036
11188 0
11192 4584
11196 0
11200 4168
11204 0
11208 4730
11212 0
11216 4301
11220 0
11224 4878
11228 0
11232 4437
11236 0
11240 5028
11244 0
11248 4575
11252 0
11256 5180
11260 0
11264 4715
11268 0
11272 5335
11276 0
11280 4856
11284 0
11288 5491
11292 0
11296 5000
11300 0
11304 5650
11308 0
11312 5145
11316 0
11320 5810
11324 0
11328 5293
11332 0
11336 5973
11340 0
11344 5442
11348 0
11352 6138
11356 0
11360 5593
11364 0
11368 6305
11372 0
11376 5747
11380 0
11384 6474
11388 0
11392 5902
11396 0
11400 6645
11404 0
11408 6059
11412 0
11416 6818
11420 0
11424 6218
11428 0
11432 6994
11436 0
11440 6379
11444 0
11448 7171
11452 0
11456 6542
11460 0
11464 7351
11468 0
11472 6707
11476 0
11480 7532
11484 0
11488 6874
11492 0
11496 7716
11500 0
11504 7043
11508 0
11512 7902
11516 0
11520 7213
11524 0
11528 8090
11532 0
11536 7386
11540 0
11544 8280
11548 0
11552 7561
11556 0
11560 8472
11564 0
11568 7737
11572 0
11576 8666
11580 0
11584 7916
11588 0
11592 8863
11596 0
11600 8096
11604 0
11608 9061
11612 0
11616 8278
11620 0
11624 9262
11628 0
11632 8463
11636 0
11640 9464
11644 0
11648 8649
11652 0
11656 9669
11660 0
11664 8837
11668 0
11672 9876
11676 0
11680 9027
11684 0
11688 10085
11692 0
11696 9219
11700 0
11704 10296
11708 0
11712 9413
11716 0
11720 10509
11724 0
11728 9609
11732 0
11736 10724
11740 0
11744 9807
11748 0
11752 10942
11756 0
11760 10007
11764 0
11768 11161
11772 0
11776 10209
11780 0
11784 11383
11788 0
11792 10412
11796 0
11800 11606
11804 0
11808 10618
11812 0
11816 11832
11820 0
11824 10826
11828 0
11832 12060
11836 0
11840 11035
11844 0
11848 12290
11852 0
11856 11247
11860 0
11864 12522
11868 0
11872 11460
11876 0
11880 12756
11884 0
11888 11675
11892 0
11896 12992
11900 0
11904 11893
11908 0
11912 13231
11916 0
11920 12112
11924 0
11928 13471
11932 0
11936 12333
11940 0
11944 13714
11948 0
11952 12556
11956 0
11960 13958
11964 0
11968 12781
11972 0
11976 14205
11980 0
11984 13008
11988 0
11992 14454
11996 0
12000 13237
12004 0
12008 14705
12012 0
12016 14831
12020 0
12024 13584
12028 0
12032 15085
12036 0
12040 13818
12044 0
12048 15341
12052 0
12056 14054
12060 0
12064 15599
12068 0
12072 14291
12076 0
12080 15860
12084 0
12088 14531
12092 0
12096 16122
12100 0
12104 14773
12108 0
12112 16387
12116 0
12120 15016
12124 0
12128 16654
12132 0
12136 15261
12140 0
12144 16922
12148 0
12152 15509
12156 0
12160 17193
12164 0
12168 15758
12172 0
12176 17466
12180 0
12184 16009
12188 0
12192 17741
12196 0
12200 16263
12204 0
12208 18019
12212 0
12216 16518
12220 0
12224 18298
12228 0
12232 16775
12236 0
12240 18579
12244 0
12248 17034
12252 0
12256 18863
12260 0
12264 17295
12268 0
12272 19148
12276 0
12280 17557
12284 0
8192 4242
8196 0
8200 4277
8204 0
8208 4305
8212 0
8216 4326
8220 0
8224 4340
8228 0
8232 4347
8236 0
8240 4347
8244 0
8248 4340
8252 0
8256 4327
8260 0
8264 4307
8268 0
8272 4281
8276 0
8280 4248
8284 0
8288 4209
8292 0
8296 4164
8300 0
8304 4113
8308 0
8312 4057
8316 0
8320 3995
8324 0
8328 3928
8332 0
8336 3856
8340 0
8344 3779
8348 0
8352 3698
8356 0
8360 3613
8364 0
8368 3523
8372 0
8376 3430
8380 0
8384 3333
8388 0
8392 3233
8396 0
8400 3130
8404 0
8408 3025
8412 0
8416 2917
8420 0
8424 2807
8428 0
8432 2696
8436 0
8440 2583
8444 0
8448 2469
8452 0
8456 2354
8460 0
8464 2239
8468 0
8472 2124
8476 0
8480 2009
8484 0
8488 1895
8492 0
8496 1781
8500 0
8504 1669
8508 0
8512 1558
8516 0
8520 1450
8524 0
8528 1343
8532 0
8536 1238
8540 0
8544 1137
8548 0
8552 1038
8556 0
8560 943
8564 0
8568 852
8572 0
8576 764
8580 0
8584 681
8588 0
8592 602
8596 0
8600 527
8604 0
8608 458
8612 0
8616 394
8620 0
8624 335
8628 0
8632 282
8636 0
8640 235
8644 0
8648 194
8652 0
8656 160
8660 0
8664 131
8668 0
8672 110
8676 0
8680 95
8684 0
8688 87
8692 0
8696 86
8700 0
8704 92
8708 0
8712 105
8716 0
8720 126
8724 0
8728 154
8732 0
8736 189
8740 0
8744 232
8748 0
8752 283
8756 0
8760 341
8764 0
8768 407
8772 0
8776 480
8780 0
8784 560
8788 0
8792 648
8796 0
8800 744
8804 0
8808 847
8812 0
8816 957
8820 0
8824 1074
8828 0
8832 1198
8836 0
8840 1329
8844 0
8848 1467
8852 0
8856 1612
8860 0
8864 1763
8868 0
8872 1920
8876 0
8880 2084
8884 0
8888 2253
8892 0
8896 2428
8900 0
8904 2608
8908 0
8912 2794
8916 0
8920 2984
8924 0
8928 3180
8932 0
8936 3379
8940 0
8944 3583
8948 0
8952 3791
8956 0
8960 4002
8964 0
8968 4217
8972 0
8976 4434
8980 0
8984 4655
8988 0
8992 4877
8996 0
9000 5102
9004 0
9008 5329
9012 0
9016 5556
9020 0
9024 5785
9028 0
9032 6015
9036 0
9040 6245
9044 0
9048 6475
9052 0
9056 6705
9060 0
9064 6934
9068 0
9072 7162
9076 0
9080 7389
9084 0
9088 7614
9092 0
9096 7837
9100 0
9104 8058
9108 0
9112 8276
9116 0
9120 8491
9124 0
9128 8703
9132 0
9136 8911
9140 0
9144 9115
9148 0
9152 9315
9156 0
9160 9511
9164 0
9168 9701
9172 0
9176 9887
9180 0
9184 10067
9188 0
9192 10241
9196 0
9200 10410
9204 0
9208 10572
9212 0
9216 10728
9220 0
9224 10878
9228 0
9232 11020
9236 0
9240 11156
9244 0
9248 11284
9252 0
9256 11405
9260 0
9264 11518
9268 0
9272 11624
9276 0
9280 11722
9284 0
9288 11812
9292 0
9296 11893
9300 0
9304 11967
9308 0
9312 12032
9316 0
9320 12089
9324 0
9328 12137
9332 0
9336 12177
9340 0
9344 12209
9348 0
9352 12232
9356 0
9360 12247
9364 0
9368 12253
9372 0
9376 12251
9380 0
9384 12240
9388 0
9392 12221
9396 0
9400 12193
9404 0
9408 12158
9412 0
9416 12114
9420 0
9424 12063
9428 0
9432 12003
9436 0
9440 11936
9444 0
9448 11861
9452 0
9456 11779
9460 0
9464 11689
9468 0
9472 11593
9476 0
9480 11490
9484 0
9488 11380
9492 0
9496 11263
9500 0
9504 11141
9508 0
9512 11012
9516 0
9520 10878
9524 0
9528 10738
9532 0
9536 10593
9540 0
9544 10443
9548 0
9552 10289
9556 0
9560 10130
9564 0
9568 9967
9572 0
9576 9800
9580 0
9584 9630
9588 0
9592 9456
9596 0
9600 9280
9604 0
9608 9101
9612 0
9616 8920
9620 0
9624 8737
9628 0
9632 8553
9636 0
9640 8367
9644 0
9648 8180
9652 0
9656 7992
9660 0
9664 7804
9668 0
9672 7616
9676 0
9680 7428
9684 0
9688 7241
9692 0
9696 7055
9700 0
9704 6870
9708 0
9712 6686
9716 0
9720 6505
9724 0
9728 6325
9732 0
9736 6147
9740 0
9744 5972
9748 0
9752 5800
9756 0
9760 5631
9764 0
9768 5465
9772 0
9776 5303
9780 0
9784 5145
9788 0
9792 4991
9796 0
9800 4840
9804 0
9808 4695
9812 0
9816 4554
9820 0
9824 4417
9828 0
9832 4286
9836 0
9840 4159
9844 0
9848 4038
9852 0
9856 3922
9860 0
9864 3812
9868 0
9872 3707
9876 0
9880 3607
9884 0
9888 3513
9892 0
9896 3425
9900 0
9904 3343
9908 0
9912 3266
9916 0
9920 3196
9924 0
9928 3131
9932 0
9936 3071
9940 0
9944 3018
9948 0
9952 2970
9956 0
9960 2928
9964 0
9968 2891
9972 0
9976 2860
9980 0
9984 2834
9988 0
9992 2813
9996 0
10000 2798
10004 0
10008 2787
10012 0
10016 2782
10020 0
10024 2781
10028 0
10032 2784
10036 0
10040 2792
10044 0
10048 2804
10052 0
10056 2819
10060 0
10064 2839
10068 0
10072 2862
10076 0
10080 2888
10084 0
10088 2916
10092 0
10096 2948
10100 0
10104 2982
10108 0
10112 3018
10116 0
10120 3056
10124 0
10128 3096
10132 0
10136 3136
10140 0
10144 3178
10148 0
10152 3220
10156 0
10160 3263
10164 0
10168 3306
10172 0
10176 3348
10180 0
10184 3390
10188 0
10192 3431
10196 0
10200 3470
10204 0
10208 3508
10212 0
10216 3544
10220 0
10224 3578
10228 0
10232 3609
10236 0
10240 1826
10244 0
10248 1937
10252 0
10256 2046
10260 0
10264 2153
10268 0
10272 2257
10276 0
10280 2359
10284 0
10288 2457
10292 0
10296 2551
10300 0
10304 2642
10308 0
10312 2729
10316 0
10320 2812
10324 0
10328 2890
10332 0
10336 2963
10340 0
10344 3031
10348 0
10352 3094
10356 0
10360 3152
10364 0
10368 3203
10372 0
10376 3249
10380 0
10384 3288
10388 0
10392 3321
10396 0
10400 3348
10404 0
10408 3367
10412 0
10416 3380
10420 0
10424 3386
10428 0
10432 3385
10436 0
10440 3377
10444 0
10448 3361
10452 0
10456 3338
10460 0
10464 3308
10468 0
10472 3270
10476 0
10480 3224
10484 0
10488 3171
10492 0
10496 3110
10500 0
10504 3041
10508 0
10512 2965
10516 0
10520 2882
10524 0
10528 2791
10532 0
10536 2692
10540 0
10544 2586
10548 0
10552 2473
10556 0
10560 2352
10564 0
10568 2225
10572 0
10576 2090
10580 0
10584 1949
10588 0
10592 1801
10596 0
10600 1646
10604 0
10608 1485
10612 0
10616 1318
10620 0
10624 1146
10628 0
10632 967
10636 0
10640 783
10644 0
10648 593
10652 0
10656 399
10660 0
10664 200
10668 0
10672 -4
10676 0
10680 -212
10684 0
10688 -424
10692 0
10696 -640
10700 0
10704 -859
10708 0
10712 -1081
10716 0
10720 -1305
10724 0
10728 -1532
10732 0
10736 -1762
10740 0
10744 -1993
10748 0
10752 -2225
10756 0
10760 -2459
10764 0
10768 -2694
10772 0
10776 -2929
10780 0
10784 -3164
10788 0
10792 -3399
10796 0
10800 -3633
10804 0
10808 -3866
10812 0
10816 -4099
10820 0
10824 -4329
10828 0
10832 -4558
10836 0
10840 -4785
10844 0
10848 -5009
10852 0
10856 -5230
10860 0
10864 -5448
10868 0
10872 -5663
10876 0
10880 -5874
10884 0
10888 -6081
10892 0
10896 -6283
10900 0
10904 -6481
10908 0
10912 -6673
10916 0
10920 -6861
10924 0
10928 -7043
10932 0
10936 -7220
10940 0
10944 -7390
10948 0
10952 -7555
10956 0
10960 -7712
10964 0
10968 -7864
10972 0
10976 -8009
10980 0
10984 -8146
10988 0
10992 -8277
10996 0
11000 -8400
11004 0
11008 -8516
11012 0
11016 -8624
11020 0
11024 -8725
11028 0
11032 -8817
11036 0
11040 -8902
11044 0
11048 -8979
11052 0
11056 -9048
11060 0
11064 -9109
11068 0
11072 -9162
11076 0
11080 -9207
11084 0
11088 -9243
11092 0
11096 -9272
11100 0
11104 -9293
11108 0
11112 -9305
11116 0
11120 -9309
11124 0
11128 -9306
11132 0
11136 -9295
11140 0
11144 -9276
11148 0
11152 -9249
11156 0
11160 -9215
11164 0
11168 -9173
11172 0
11176 -9125
11180 0
11184 -9069
11188 0
11192 -9006
11196 0
11200 -8936
11204 0
11208 -8861
11212 0
11216 -8778
11220 0
11224 -8690
11228 0
11232 -8596
11236 0
11240 -8496
11244 0
11248 -8391
11252 0
11256 -8280
11260 0
11264 -8165
11268 0
11272 -8045
11276 0
11280 -7921
11284 0
11288 -7793
11292 0
11296 -7661
11300 0
11304 -7526
11308 0
11312 -7388
11316 0
11320 -7246
11324 0
11328 -7103
11332 0
11336 -6957
11340 0
11344 -6809
11348 0
11352 -6660
11356 0
11360 -6509
11364 0
11368 -6358
11372 0
11376 -6206
11380 0
11384 -6053
11388 0
11392 -5901
11396 0
11400 -5749
11404 0
11408 -5598
11412 0
11416 -5448
11420 0
11424 -5299
11428 0
11432 -5152
11436 0
11440 -5007
11444 0
11448 -4864
11452 0
11456 -4724
11460 0
11464 -4586
11468 0
11472 -4452
11476 0
11480 -4321
11484 0
11488 -4194
11492 0
11496 -4070
11500 0
11504 -3951
11508 0
11512 -3836
11516 0
11520 -3726
11524 0
11528 -3620
11532 0
11536 -3520
11540 0
11544 -3425
11548 0
11552 -3335
11556 0
11560 -3251
11564 0
11568 -3173
11572 0
11576 -3100
11580 0
11584 -3034
11588 0
11592 -2974
11596 0
11600 -2920
11604 0
11608 -2873
11612 0
11616 -2832
11620 0
11624 -2797
11628 0
11632 -2769
11636 0
11640 -2748
11644 0
11648 -2733
11652 0
11656 -2726
11660 0
11664 -2724
11668 0
11672 -2730
11676 0
11680 -2742
11684 0
11688 -2761
11692 0
11696 -2786
11700 0
11704 -2818
11708 0
11712 -2856
11716 0
11720 -2900
11724 0
11728 -2950
11732 0
11736 -3007
11740 0
11744 -3070
11748 0
11752 -3138
11756 0
11760 -3212
11764 0
11768 -3291
11772 0
11776 -3375
11780 0
11784 -3465
11788 0
11792 -3559
11796 0
11800 -3658
11804 0
11808 -3761
11812 0
11816 -3869
11820 0
11824 -3980
11828 0
11832 -4095
11836 0
11840 -4213
11844 0
11848 -4335
11852 0
11856 -4459
11860 0
11864 -4585
11868 0
11872 -4714
11876 0
11880 -4845
11884 0
11888 -4977
11892 0
11896 -5111
11900 0
11904 -5246
11908 0
11912 -5381
11916 0
11920 -5517
11924 0
11928 -5653
11932 0
11936 -5788
11940 0
11944 -5923
11948 0
11952 -6056
11956 0
11960 -6189
11964 0
11968 -6320
11972 0
11976 -6449
11980 0
11984 -6576
11988 0
11992 -6700
11996 0
12000 -6821
12004 0
12008 -6939
12012 0
12016 -7054
12020 0
12024 -7164
12028 0
12032 -7271
12036 0
12040 -7373
12044 0
12048 -7471
12052 0
12056 -7564
12060 0
12064 -7651
12068 0
12072 -7733
12076 0
12080 -7810
12084 0
12088 -7880
12092 0
12096 -7944
12100 0
12104 -8002
12108 0
12112 -8053
12116 0
12120 -8097
12124 0
12128 -8135
12132 0
12136 -8165
12140 0
12144 -8188
12148 0
12152 -8203
12156 0
12160 -8211
12164 0
12168 -8211
12172 0
12176 -8203
12180 0
12184 -8187
12188 0
12192 -8163
12196 0
12200 -8131
12204 0
12208 -8091
12212 0
12216 -8043
12220 0
12224 -7986
12228 0
12232 -7922
12236 0
12240 -7849
12244 0
12248 -7767
12252 0
12256 -7678
12260 0
12264 -7581
12268 0
12272 -7475
12276 0
12280 -7361
12284 0 