9216 1263104
9220 0
8192 -80384
8196 0
9224 1280924
9228 -8137
8200 -46236
8204 35843
9232 1295396
9236 -396
8208 -53882
8212 -12282
9240 1313259
9244 -8897
8216 -25089
8220 12539
9248 1338942
9252 -2122
8224 -64566
8228 5654
9256 1356754
9260 -10455
8232 -38360
8236 25331
9264 1372013
9268 -2579
8240 -43075
8244 -4501
9272 1389602
9276 -10801
8248 -18504
8252 10761
9280 1418093
9284 -3368
8256 -54795
8260 10692
9288 1435761
9292 -11582
8264 -31327
8268 24064
9296 1452373
9300 -3374
8272 -36769
8276 1398
9304 1469780
9308 -11447
8280 -13852
8284 12009
9312 1497119
9316 -5689
8288 -35017
8292 14265
9320 1514477
9324 -13829
8296 -12889
8300 23547
9328 1532040
9332 -5000
8304 -18516
8308 4250
9336 1549293
9340 -12731
8312 3093
8316 11863
9344 1578634
9348 -5730
8320 -20836
8324 13640
9352 1596070
9356 -13418
8328 122
8332 20674
9360 1614946
9364 -4573
8336 -5704
8340 4839
9368 1632221
9372 -12503
8344 15605
8348 10825
9376 1661578
9380 -7707
8352 2028
8356 16291
9384 1678787
9388 -15358
8360 22729
8364 21286
9392 1698363
9396 -6212
8368 17369
8372 7616
9400 1715332
9404 -13634
8376 38144
8380 11236
9408 1747523
9412 -9131
8384 23629
8388 20091
9416 1764472
9420 -16606
8392 44360
8396 23382
9424 1785580
9428 -7357
8400 39378
8404 11795
9432 1802252
9436 -14412
8408 59672
8412 13924
9440 1833460
9444 -10744
8416 50836
8420 21384
9448 1850252
9452 -17546
8424 70784
8428 23150
9456 1872560
9460 -7867
8432 65894
8436 12809
9464 1889316
9468 -14323
8440 85438
8444 13617
9472 1922821
9476 -7837
8448 69431
8452 17181
9480 1939772
9484 -14768
8456 89186
8460 18348
9488 1963289
9492 -5248
8464 84843
8468 9722
9496 1979934
9500 -11898
8472 104784
8476 9974
9504 2012862
9508 -9906
8480 99986
8484 18780
9512 2029381
9516 -16586
8488 120151
8492 18676
9520 2054034
9524 -6878
8496 116454
8500 11310
9528 2070326
9532 -12812
8504 136132
8508 10236
9536 2106062
9540 -12000
8512 131456
8516 21912
9544 2122546
9548 -18205
8520 151366
8524 20919
9552 2148359
9556 -8369
8528 148165
8532 14487
9560 2164588
9564 -13931
8536 167878
8540 12689
9568 2199169
9572 -13114
8544 166131
8548 22026
9576 2215505
9580 -18406
8552 185655
8556 19942
9584 2242912
9588 -8294
8560 182542
8564 14504
9592 2259104
9596 -13216
8568 201874
8572 11982
9600 2296276
9604 -12799
8576 198906
8580 22893
9608 2312715
9612 -17534
8584 218103
8588 20192
9616 2341323
9620 -7701
8592 215821
8596 15865
9624 2357401
9628 -12455
8600 235323
8604 12873
9632 2393313
9636 -13499
8608 236979
8612 22789
9640 2409745
9644 -17682
8616 256075
8620 19560
9648 2439658
9652 -8020
8624 254454
8628 16488
9656 2455842
9660 -11784
8632 273518
8636 12728
9664 2494579
9668 -14737
8640 275453
8644 25387
9672 2510687
9676 -18265
8648 294477
8652 21321
9680 2541970
9684 -8714
8656 293528
8660 18964
9688 2558115
9692 -11737
8664 312541
8668 14353
9696 2595283
9700 -14200
8672 316979
8676 24338
9704 2611808
9708 -17053
8680 335660
8684 19923
9712 2644583
9716 -7468
8688 335437
8692 18398
9720 2660940
9724 -9745
8696 354006
8700 13469
9728 2695000
9732 -8760
8704 355496
8708 8760
9736 2711153
9740 -11539
8712 374711
8716 4001
9744 2745152
9748 -2917
8720 375574
8724 3331
9752 2760836
9756 -5418
8728 395090
8732 -1856
9760 2798712
9764 -10395
8736 402628
8740 8219
9768 2814763
9772 -12360
8744 421855
8748 2772
9776 2849740
9780 -3804
8752 423690
8756 2524
9784 2865641
9788 -5109
8760 442705
8764 -3263
9792 2905991
9796 -13800
8768 451403
8772 9536
9800 2921817
9804 -15004
8776 470625
8780 3670
9808 2958584
9812 -7144
8784 473276
8788 4448
9816 2974647
9820 -7461
8792 492089
8796 -1781
9824 3013264
9828 -14516
8800 502254
8804 8200
9832 3029191
9836 -14570
8808 521197
8812 1940
9840 3067762
9844 -6512
8816 524270
8820 3010
9848 3083981
9852 -5865
8824 542857
8828 -3451
9856 3125717
9860 -15427
8832 553213
8836 8685
9864 3141849
9868 -14482
8840 572151
8844 2270
9872 3181931
9876 -7539
8848 576251
8852 4149
9880 3197771
9884 -5757
8856 595111
8860 -2745
9888 3237038
9892 -15608
8864 607616
8868 7112
9896 3253321
9900 -13325
8872 626243
8876 257
9904 3295119
9908 -6664
8880 631157
8884 2432
9912 3311153
9916 -3327
8888 649911
8892 -4727
9920 3351790
9924 -17836
8896 664446
8900 6972
9928 3367817
9932 -13849
8904 683151
8908 -435
9936 3411085
9940 -8230
8912 689145
8916 2488
9944 3427735
9948 -3471
8920 707425
8924 -4785
9952 3467062
9956 -16464
8928 722402
8932 4860
9960 3483955
9964 -11356
8936 740773
8940 -2396
9968 3529511
9972 -6535
8944 747175
8948 1233
9976 3546741
9980 -150
8952 765457
8956 -6256
9984 3592486
9988 -16166
8960 778398
8964 6822
9992 3609109
9996 -9812
8968 797061
8972 -544
10000 3655860
10004 -6519
8976 804744
8980 3661
10008 3672688
10012 985
8984 823218
8988 -3949
10016 3711292
10020 -14990
8992 840568
8996 5040
10024 3727878
10028 -6581
9000 859098
9004 -2653
10032 3776712
10036 -4547
9008 867512
9012 1907
10040 3794345
10044 5044
9016 885753
9020 -5664
10048 3832814
10052 -16935
9024 905480
9028 4819
10056 3849935
10060 -6291
9032 923949
9036 -3027
10064 3900868
10068 -6439
9040 933368
9044 2265
10072 3918654
10076 5584
9048 951512
9052 -5486
10080 3956762
10084 -14720
9056 971086
9060 3300
10088 3975021
10092 -1161
9064 989211
9068 -4671
10096 4028775
10100 -3118
9072 999207
9076 912
10104 4047777
10108 11788
9080 1017157
9084 -7018
10112 4087096
10116 -14648
9088 1038338
9092 3386
10120 4106122
10124 765
9096 1056484
9100 -4051
10128 4161963
10132 -4395
9104 1067757
9108 2211
10136 4181196
10140 13778
9112 1085692
9116 -5720
10144 4216087
10148 -11431
9120 1107657
9124 2269
10152 4235862
10156 7996
9128 1125814
9132 -5230
10160 4294783
10164 -1083
9136 1138033
9140 1275
10168 4316042
10172 21624
9144 1155722
9148 -6588
10176 4346193
10180 -14103
9152 1180107
9156 2501
10184 4367710
10188 11074
9160 1197982
9164 -5294
10192 4430376
10196 -3873
9168 1211114
9172 1607
10200 4453273
10204 24450
9176 1228907
9180 -5794
10208 4481079
10212 -10705
9184 1252627
9188 1283
10216 4504713
10220 20999
9192 1270191
9196 -6177
10224 4572342
10228 -6907
9200 1284642
9204 1161
10232 4594306
10236 27927
9208 1302148
9212 -5955
11264 -25765
11268 96703
10240 -2153703
10244 82987
11272 112874
11276 85466
10248 -1845304
10252 115364
11280 -32635
11284 87164
10256 -1584011
10260 61340
11288 108797
11292 69932
10264 -1295225
10268 75662
11296 -29040
11300 64751
10272 -1084066
10276 57219
11304 115376
11308 41736
10280 -822062
10284 60692
11312 -37253
11316 33994
10288 -607033
10292 14086
11320 109630
11324 8847
10296 -385828
10300 11107
11328 -33808
11332 -2007
10304 -240112
10308 -5005
11336 116241
11340 -28362
10312 -63081
10316 -10804
11344 -43611
11348 -35955
10320 66095
10324 -51791
11352 109666
11356 -59061
10328 192688
10332 -56959
11360 -42738
11364 -65765
10336 259432
10340 -67833
11368 114426
11372 -84765
10344 337654
10348 -69863
11376 -51147
11380 -82662
10352 374853
10356 -96986
11384 110004
11388 -94369
10360 407684
10364 -93747
11392 -47501
11396 -89300
10368 392791
10372 -91460
11400 118719
11404 -94761
10376 389021
10380 -82047
11408 -51452
11412 -78457
10384 357076
10388 -92949
11416 119963
11420 -76479
10392 324883
10396 -77669
11424 -41697
11428 -58688
10400 265805
10404 -60028
11432 134880
11436 -52195
10408 217088
10412 -40367
11440 -39104
11444 -25532
10416 156760
10420 -38156
11448 142206
11452 -15206
10424 100990
10428 -16214
11456 -22745
11460 7452
10432 34107
10436 11052
11464 162856
11468 17112
10440 -18434
10444 32858
11472 -17036
11476 44699
10448 -68006
10452 37513
11480 171631
11484 52806
10456 -110949
10460 56110
11488 -2842
11492 70661
10464 -148722
10468 76477
11496 188207
11500 73398
10472 -176953
10476 89834
11504 -190
11508 91919
10480 -192236
10484 87531
11512 190180
11516 89102
10488 -204418
10492 91494
11520 5083
11524 93419
10496 -206869
10500 100065
11528 196787
11532 82956
10504 -202775
10508 96710
11536 -4222
11540 87729
10512 -183288
10516 81491
11544 188055
11548 71651
10520 -167625
10524 70629
11552 -10392
11556 62633
10528 -135342
10532 67257
11560 182334
11564 40750
10536 -112156
10540 50734
11568 -30979
11572 35428
10544 -71599
10548 26780
11576 163875
11580 11760
10552 -46441
10556 6754
11584 -44166
11588 -4893
10560 -3522
10564 751
11592 153547
11596 -29843
10568 18527
10572 -19733
11600 -68663
11604 -35490
10576 59227
10580 -43038
11608 134140
11612 -56842
10584 72998
10588 -61516
11616 -82141
11620 -68379
10592 109403
10596 -64985
11624 126763
11628 -85589
10600 112663
10604 -78829
11632 -97847
11636 -82161
10608 138805
10612 -91175
11640 118878
11644 -91624
10616 128870
10620 -98948
11648 -98112
11652 -92453
10624 148618
10628 -88735
11656 127195
11660 -95841
10632 126521
10636 -89299
11664 -96166
11668 -78374
10640 135186
10644 -86456
11672 138587
11676 -73890
10648 102357
10652 -80698
11680 -77173
11684 -61519
10656 109171
10660 -57443
11688 165526
11692 -52434
10664 68306
10668 -46384
11696 -56955
11700 -25057
10672 68897
10676 -31705
11704 193665
11708 -11690
10680 22975
10684 -18022
11712 -23381
11716 4093
10688 29185
10692 14081
11720 231737
11724 16774
10696 -17727
10700 28298
11728 3857
11732 45016
10704 -11999
10708 44770
11736 262623
11740 56654
10712 -57487
10716 56150
11744 33203
11748 68745
10720 -39327
10724 81403
11752 292310
11756 75157
10728 -80878
10732 87975
11760 49407
11764 93400
10736 -59343
10740 96166
11768 307486
11772 95697
10744 -97080
10748 95613
11776 47425
11780 89495
10752 -57661
10756 98879
11784 304495
11788 83769
10760 -90609
10764 91709
11792 34809
11796 86932
10768 -49759
10772 83580
11800 289914
11804 75952
10776 -79694
10780 69246
11808 12895
11812 58964
10784 -25265
10788 66202
11816 265063
11820 42508
10792 -52921
10796 46740
11824 -24512
11828 34946
10800 134
10804 29418
11832 228896
11836 17124
10808 -28966
10812 6578
11840 -64658
11844 -9754
10816 34554
10820 182
11848 190508
11852 -28727
10824 3320
10828 -22759
11856 -109915
11860 -37175
10832 59567
10836 -39747
11864 152854
11868 -52293
10840 22696
10844 -60567
11872 -147385
11876 -73015
10848 85667
10852 -64423
11880 123971
11884 -83582
10856 42657
10860 -80386
11888 -174444
11892 -83815
10864 95894
10868 -87085
11896 111470
11900 -86108
10872 45254
10876 -97060
11904 -182953
11908 -97361
10880 104819
10884 -87655
11912 116254
11916 -93270
10888 47530
10892 -90362
11920 -170948
11924 -80182
10896 96796
10900 -82540
11928 145526
11932 -67972
10904 32528
10908 -79036
11936 -137810
11940 -66710
10912 89634
10916 -57074
11944 191241
11948 -49068
10920 20983
10924 -48394
11952 -86419
11956 -27488
10928 70779
10932 -29456
11960 256402
11964 -5609
10936 -2562
10940 -18295
11968 -23882
11972 -3534
10944 59316
10948 11086
11976 323559
11980 18675
10952 -15105
10956 22719
11984 41935
11988 39837
10960 40647
10964 42883
11992 394766
11996 60675
10968 -35460
10972 51633
12000 97602
12004 58977
10976 34294
10980 74593
12008 444016
12012 76264
10984 -41118
10988 78400
12016 478969
12020 85137
10992 30077
10996 90861
12024 139709
12028 98777
11000 27241
11004 85871
12032 491090
12036 80466
11008 -51248
11012 99298
12040 125752
12044 89223
11016 35564
11020 86851
12048 475697
12052 82633
11024 -52879
11028 86995
12056 88985
12060 82960
11032 37873
11036 68400
12064 417191
12068 50803
11040 -41741
11044 67371
12072 7519
12076 49516
11048 53287
11052 42860
12080 336945
12084 31170
11056 -37623
11060 33458
12088 -89527
12092 24972
11064 59577
11068 6538
12096 223387
12100 -19093
11072 -22603
11076 667
12104 -215439
12108 -21573
11080 77433
11084 -27311
12112 115793
12116 -42930
11088 -19749
11092 -36666
12120 -324723
12124 -44365
11096 81177
11100 -61685
12128 5954
12132 -82363
11104 -9680
11108 -63965
12136 -426342
12140 -75772
11112 93200
11116 -84846
12144 -55321
12148 -89979
11120 -11721
11124 -84225
12152 -468203
12156 -79062
11128 91939
11132 -97786
12160 -80652
12164 -106465
11136 -5874
11140 -87883
12168 -464886
12172 -84073
11144 100190
11148 -94923
12176 -10830
12180 -87221
11152 -11950
11156 -79989
12184 -357860
12188 -59187
11160 96008
11164 -79805
12192 125815
12196 -76373
11168 -8449
11172 -56869
12200 -177256
12204 -39206
11176 103128
11180 -51984
12208 385719
12212 -36624
11184 -13645
11188 -26206
12216 126125
12220 3180
11192 101031
11196 -17552
12224 712950
12228 -16637
11200 -5790
11204 11559
12232 496345
12236 28743
11208 113745
11212 19853
12240 1167840
12244 25052
11216 -6798
11220 46846
12248 985748
12252 68689
11224 116608
11228 53579
12256 1663429
12260 42445
11232 4747
11236 76931
12264 1508404
12268 86960
11240 132140
11244 78284
12272 2256926
12276 62333
11248 8518
11252 96165
12280 2109678
12284 101374
11256 138796
11260 92264
9216 2738611
9220 6881
8192 1020487
8196 2341
9224 2776307
9228 6213
8200 1036313
8204 2523
9232 2812397
9236 5302
8208 1050809
8212 2662
9240 2845963
9244 4032
8216 1063865
8220 2732
9248 2878517
9252 2716
8224 1075191
8228 2700
9256 2908248
9260 1379
8232 1084804
8236 2479
9264 2936291
9268 429
8240 1092457
8244 2189
9272 2962057
9276 -608
8248 1097985
8252 1780
9280 2988080
9284 -1855
8256 1100824
8260 1193
9288 3009641
9292 -3239
8264 1101917
8268 833
9296 3029752
9300 -4433
8272 1100562
8276 559
9304 3047279
9308 -4951
8280 1096997
8284 217
9312 3063570
9316 -5886
8288 1090952
8292 -8
9320 3076779
9324 -6504
8296 1082757
8300 -32
9328 3088667
9332 -6629
8304 1072063
8308 -229
9336 3097689
9340 -6546
8312 1059557
8316 -276
9344 3108676
9348 -7725
8320 1043802
8324 -567
9352 3113519
9356 -7861
8328 1027111
8332 -167
9360 3116612
9364 -7911
8336 1008378
8340 297
9368 3116848
9372 -7372
8344 988252
8348 1022
9376 3115856
9380 -7255
8352 966394
8356 1623
9384 3111821
9388 -6790
8360 943601
8364 2624
9392 3106545
9396 -6009
8368 919467
8372 3441
9400 3098593
9404 -4648
8376 894499
8380 4282
9408 3090408
9412 -4758
8384 867714
8388 4900
9416 3078039
9420 -3710
8392 841171
8396 5946
9424 3064471
9428 -2756
8400 813809
8404 6696
9432 3048453
9436 -1429
8408 786387
8412 7491
9440 3031152
9444 -1234
8416 758068
8420 8088
9448 3011299
9452 -308
8424 730093
8428 8644
9456 2990431
9460 428
8432 701479
8436 8888
9464 2967377
9468 1358
8440 673195
8444 9066
9472 2948673
9476 -2506
8448 641413
8452 7856
9480 2921199
9484 -2641
8456 613285
8460 8287
9488 2892392
9492 -2669
8464 585100
8468 8237
9496 2861435
9500 -2329
8472 557597
8476 8119
9504 2829350
9508 -3062
8480 529752
8484 8104
9512 2794986
9516 -2842
8488 502906
8492 7856
9520 2760123
9524 -3043
8496 476063
8500 7323
9528 2723614
9532 -2737
8504 449860
8508 6599
9536 2686429
9540 -4230
8512 422863
8516 6150
9544 2647041
9548 -4080
8520 397443
8524 5688
9552 2607013
9556 -4176
8528 372151
8532 5052
9560 2565810
9564 -3494
8536 347794
8540 4238
9568 2523844
9572 -3976
8544 323238
8548 3936
9576 2480915
9580 -3272
8552 299765
8556 3302
9584 2437786
9588 -3056
8560 276390
8564 2786
9592 2393482
9596 -2183
8568 254350
8572 2341
9600 2349265
9604 -4995
8576 230385
8580 3071
9608 2303503
9612 -3924
8584 209833
8588 3144
9616 2257656
9620 -3034
8592 189754
8596 3200
9624 2211157
9628 -1489
8600 171471
8604 3405
9632 2164365
9636 -862
8608 153537
8612 4086
9640 2117355
9644 810
8616 137323
8620 4462
9648 2070492
9652 1898
8624 121974
8628 5016
9656 2023656
9660 3713
8632 108346
8636 5095
9664 1976602
9668 3475
8640 94658
8644 6413
9672 1929408
9676 5265
8648 84070
8652 6737
9680 1882603
9684 6448
8656 74461
8660 7058
9688 1836142
9692 8223
8664 66882
8668 6765
9696 1789254
9700 8831
8672 60546
8676 7379
9704 1742992
9708 10085
8680 56466
8684 7287
9712 1697089
9716 10552
8688 53619
8692 7188
9720 1651683
9724 11275
8696 52929
8700 6705
9728 1609648
9732 1531
8704 38918
8708 3055
9736 1564194
9740 1908
8712 42598
8716 2796
9744 1519398
9748 1977
8720 47996
8724 2579
9752 1475242
9756 2538
8728 55994
8732 1782
9760 1431504
9764 2371
8736 65508
8740 1477
9768 1388951
9772 2824
8744 77273
8748 342
9776 1347441
9780 2638
8752 90567
8756 -660
9784 1307002
9788 2747
8760 105924
8764 -1971
9792 1266670
9796 1528
8768 122418
8772 -1610
9800 1228073
9804 1831
8776 141877
8780 -2849
9808 1190659
9812 1640
8784 162719
8788 -3746
9816 1154971
9820 1808
8792 185209
8796 -5334
9824 1119894
9828 1523
8800 209520
8804 -5869
9832 1086768
9836 1808
8808 235796
8812 -7072
9840 1055069
9844 1792
8816 263297
8820 -7838
9848 1025045
9852 2223
8824 292665
8828 -8897
9856 994468
9860 836
8832 323030
8836 -6308
9864 967262
9868 1678
8840 356092
8844 -6954
9872 941628
9876 2409
8848 390662
8852 -7131
9880 918057
9884 3539
8856 426795
8860 -8049
9888 895478
9892 4382
8864 464528
8868 -7722
9896 874981
9900 5641
8872 503813
8876 -8207
9904 855893
9908 6501
8880 544107
8884 -8165
9912 838828
9916 7539
8888 585816
8892 -8697
9920 822037
9924 8113
8896 629289
8900 -7111
9928 807913
9932 9352
8904 674121
8908 -7716
9936 794916
9940 10204
8912 720048
8916 -7692
9944 783632
9948 11011
8920 767004
8924 -8277
9952 772912
9956 11744
8928 815776
8932 -7838
9960 763964
9964 12389
8936 865288
8940 -8349
9968 756027
9972 12578
8944 915675
8948 -8422
9976 749379
9980 12642
8952 966925
8956 -8970
9984 740244
9988 10672
8960 1019806
8964 -1974
9992 735595
9996 11024
8968 1073749
8972 -3046
10000 731922
10004 11048
8976 1128338
8980 -3968
10008 729331
10012 11011
8984 1183509
8988 -5581
10016 727255
10020 10790
8992 1239827
8996 -6496
10024 726618
10028 10617
9000 1296198
9004 -8495
10032 726531
10036 10007
9008 1352687
9012 -9691
10040 727553
10044 9295
9016 1409301
9020 -11273
10048 728733
10052 8542
9024 1467359
9028 -11342
10056 731698
10060 8001
9032 1524646
9036 -13217
10064 735268
10068 7288
9040 1582164
9044 -14344
10072 740136
10076 6661
9048 1639052
9052 -15969
10080 745445
10084 6197
9056 1696905
9060 -16749
10088 752362
10092 5638
9064 1753602
9068 -17940
10096 759958
10100 5025
9072 1810346
9076 -18219
10104 768937
10108 4579
9080 1866323
9084 -18897
10112 777584
10116 4383
9088 1925150
9092 -16679
10120 788837
10124 4459
9096 1980603
9100 -17471
10128 801052
10132 4541
9104 2035682
9108 -17555
10136 814568
10140 4736
9112 2089388
9116 -18112
10144 828845
10148 5143
9120 2143341
9124 -17963
10152 844323
10156 5666
9128 2195727
9132 -18350
10160 860472
10164 6022
9136 2247514
9140 -17880
10168 877607
10172 6356
9144 2297695
9148 -17488
10176 894862
10180 6897
9152 2349038
9156 -16305
10184 913329
10188 7258
9160 2397277
9164 -16100
10192 931960
10196 7625
9168 2444788
9172 -15375
10200 951054
10204 8032
9176 2490238
9180 -14976
10208 969788
10212 8300
9184 2535856
9188 -14406
10216 988508
10220 8486
9192 2579078
9196 -14146
10224 1006844
10228 8509
9200 2621324
9204 -13337
10232 1024610
10236 8458
9208 2661598
9212 -12862
11264 -581247
11268 619283
10240 947601
10244 266835
11272 -551409
11276 614483
10248 547443
10252 263013
11280 -535843
11284 611771
10256 769785
10260 296185
11288 -509436
11292 594605
10264 1037066
10268 292977
11296 -487444
11300 603067
10272 971114
10276 316175
11304 -456103
11308 607014
10280 659271
10284 335540
11312 -436991
11316 615278
10288 548201
10292 370558
11320 -409962
11324 599363
10296 593866
10300 373253
11328 -385395
11332 595352
10304 672859
10308 377080
11336 -356591
11340 571460
10312 705571
10316 374586
11344 -338166
11348 548298
10320 877576
10324 372964
11352 -314729
11356 507654
10328 1061337
10332 352138
11360 -290345
11364 492813
10336 1151049
10340 345829
11368 -261385
11372 477253
10344 1092681
10348 355943
11376 -239311
11380 472772
10352 1087709
10356 371854
11384 -214057
11388 450918
10360 1095551
10364 372552
11392 -185102
11396 447673
10368 1092108
10372 375409
11400 -157222
11404 434039
10376 1017482
10380 390233
11408 -134719
11412 427015
10384 1011149
10388 400895
11416 -110937
11420 406387
10392 993555
10396 404563
11424 -80984
11428 411010
10400 933018
10404 416380
11432 -50224
11436 415165
10408 786878
10412 452057
11440 -22766
11444 424809
10416 707864
10420 477837
11448 642
11452 410376
10424 656942
10428 489108
11456 28782
11460 402730
10432 633594
10436 484630
11464 49086
11468 379706
10440 585584
10444 494228
11472 65307
11476 353689
10448 616559
10452 480761
11480 76544
11484 309094
10456 650558
10460 460128
11488 95980
11492 282923
10464 666810
10468 438647
11496 113313
11500 258811
10472 618919
10476 448335
11504 130280
11508 239122
10480 618834
10484 440680
11512 139670
11516 200725
10488 623496
10492 426921
11520 161040
11524 171465
10496 639552
10500 401899
11528 169211
11532 135423
10504 618941
10508 399213
11536 176374
11540 97948
10512 650512
10516 370800
11544 175948
11548 47198
10520 674050
10524 344518
11552 186660
11556 13638
10528 681184
10532 314304
11560 193659
11564 -14139
10536 640681
10540 320061
11568 200846
11572 -43465
10544 645010
10548 298489
11576 195374
11580 -92996
10552 658740
10556 273180
11584 194996
11588 -142242
10560 684674
10564 224744
11592 182636
11596 -195875
10568 694286
10572 203333
11600 168253
11604 -257566
10576 749121
10580 146260
11608 143070
11612 -330183
10584 797180
10588 95395
11616 131229
11620 -386715
10592 826437
10596 40583
11624 119852
11628 -428024
10600 813474
10604 31186
11632 112561
11636 -467996
10608 823473
10612 -4206
11640 94790
11644 -516535
10616 827436
10620 -31045
11648 88125
11652 -559157
10624 825799
10628 -72055
11656 75853
11660 -591525
10632 801091
10636 -74327
11664 65437
11668 -627733
10640 800643
10644 -108197
11672 47007
11676 -666443
10648 789861
10652 -126683
11680 45149
11684 -688593
10656 757751
10660 -147417
11688 48118
11692 -692676
10664 698962
10668 -121838
11696 51896
11700 -702146
10672 660684
10676 -129208
11704 40375
11708 -723504
10680 629469
10684 -130978
11712 32201
11716 -747125
10688 595905
10692 -154477
11720 17998
11724 -765653
10696 562464
10700 -146325
11728 -3915
11732 -798565
10704 552259
10708 -180403
11736 -37848
11740 -837293
10712 543532
10716 -203115
11744 -56969
11748 -863724
10720 515265
10724 -229792
11752 -65025
11756 -869369
10728 473495
10732 -209807
11760 -74287
11764 -881650
10736 440177
10740 -222620
11768 -97467
11772 -900373
10744 413171
10748 -227079
11776 -103950
11780 -920672
10752 379600
10756 -245290
11784 -117096
11788 -924658
10760 341854
10764 -227542
11792 -137453
11796 -940117
10768 312339
10772 -246223
11800 -164593
11804 -956069
10776 286211
10780 -248985
11808 -176023
11812 -958756
10784 238013
10788 -253070
11816 -171651
11820 -941375
10792 188459
10796 -215947
11824 -175373
11828 -935082
10800 142503
10804 -213598
11832 -194858
11836 -938158
10808 110850
10812 -205278
11840 -216967
11844 -943086
10816 65731
10820 -212566
11848 -235642
11852 -941663
10824 37926
10828 -194739
11856 -272378
11860 -956386
10832 11444
10836 -215304
11864 -316012
11868 -973247
10840 -4984
10844 -223325
11872 -342641
11876 -975129
10848 -45423
10852 -228413
11880 -341126
11884 -955071
10856 -80030
10860 -194081
11888 -346264
11892 -940725
10864 -123766
10868 -185829
11896 -357077
11900 -928420
10872 -155029
10876 -166666
11904 -362743
11908 -908933
10880 -207943
10884 -151353
11912 -347276
11916 -877676
10888 -242272
10892 -109148
11920 -347601
11924 -855441
10896 -286181
10900 -94981
11928 -346520
11932 -832561
10904 -317426
10908 -67497
11936 -323137
11940 -791819
10912 -372953
10916 -31843
11944 -264660
11948 -735048
10920 -413818
10924 34310
11952 -225236
11956 -687183
10928 -466102
10932 73505
11960 -202462
11964 -650810
10936 -497346
10940 112190
11968 -187930
11972 -611799
10944 -546362
10948 144867
11976 -163818
11980 -576303
10952 -567328
10956 185961
11984 -178783
11988 -555232
10960 -599755
10964 195798
11992 -204306
11996 -542588
10968 -613436
10972 207910
12000 -211567
12004 -513514
10976 -648811
10980 228864
12008 -178248
12012 -475729
10984 -663552
10988 270739
12016 -170072
12020 -442270
10992 -696022
10996 292632
12024 -176382
12028 -419473
11000 -708052
11004 312643
12032 -185409
12036 -388289
11008 -742851
11012 336145
12040 -170542
12044 -360204
11016 -747290
11020 365392
12048 -195935
12052 -337972
11024 -769603
11028 373552
12056 -228294
12060 -325266
11032 -772224
11036 382270
12064 -231934
12068 -291279
11040 -795490
11044 405137
12072 -188179
12076 -255793
11048 -795969
11052 440279
12080 -185192
12084 -222261
11056 -815748
11060 458641
12088 -217465
12092 -209379
11064 -813529
11068 465711
12096 -263127
12100 -186408
11072 -828227
11076 476302
12104 -303304
12108 -180290
11080 -816074
11084 479468
12112 -409195
12116 -176643
11088 -823519
11092 465545
12120 -536170
12124 -188593
11096 -811948
11100 445745
12128 -617910
12132 -173824
11104 -818196
11108 445880
12136 -625003
12140 -161473
11112 -803127
11116 455027
12144 -659755
12148 -137257
11120 -809807
11124 461091
12152 -716355
12156 -130126
11128 -798243
11132 459538
12160 -746900
12164 -99860
11136 -802336
11140 474468
12168 -728704
12172 -85000
11144 -783952
11148 484780
12176 -760866
12180 -57847
11152 -786182
11156 491113
12184 -799544
12188 -47636
11160 -771348
11164 491742
12192 -732164
12196 -3503
11168 -768920
11172 518073
12200 -540833
12204 29185
11176 -746687
11180 547637
12208 -398878
12212 78682
11184 -743550
11188 575480
12216 -348104
12220 97441
11192 -724964
11196 584529
12224 -293077
12228 138532
11200 -716537
11204 605514
12232 -237414
12236 145361
11208 -691060
11212 608489
12240 -371066
12244 169450
11216 -685454
11220 605510
12248 -654665
12252 162897
11224 -667835
11228 587143
12256 -735918
12260 193055
11232 -656174
11236 593445
12264 -459552
12268 196344
11240 -624286
11244 598460
12272 -266949
12276 234594
11248 -609777
11252 608480
12280 -633608
12284 238671
11256 -592084
11260 599605 