1765
1756
1747
1738
1729
1720
1711
1702
1694
1685
1676
1667
1658
1649
1641
1632
1623
1614
1605
1596
1588
1579
1571
1561
1552
1544
1535
1526
1517
1509
1499
1490
1481
1472
1464
1454
1445
1437
1427
1418
1408
1399
1390
1380
1370
1361
1351
1341
1331
1321
1311
1301
1291
1281
1270
1259
1249
1238
1227
1216
1204
1193
1181
1170
1158
1146
1133
1121
1108
1095
1083
1070
1057
1043
1030
1015
1001
987
973
958
942
927
912
897
880
865
848
832
814
797
780
762
745
726
708
689
670
651
632
612
592
572
552
531
510
488
468
446
424
402
379
356
333
309
286
262
237
213
189
164
138
113
87
62
35
9
-18
-45
-72
-99
-126
-154
-182
-210
-238
-266
-295
-324
-353
-382
-411
-440
-470
-499
-529
-559
-589
-619
-649
-680
-710
-740
-771
-801
-831
-862
-893
-923
-954
-984
-1014
-1045
-1075
-1106
-1136
-1167
-1197
-1227
-1257
-1287
-1317
-1346
-1375
-1405
-1434
-1463
-1492
-1520
-1548
-1576
-1604
-1632
-1659
-1686
-1713
-1739
-1766
-1791
-1817
-1842
-1867
-1891
-1915
-1939
-1962
-1985
-2007
-2029
-2050
-2071
-2092
-2112
-2131
-2151
-2169
-2187
-2205
-2221
-2238
-2254
-2269
-2283
-2297
-2311
-2323
-2336
-2347
-2358
-2368
-2378
-2387
-2395
-2403
-2409
-2415
-2421
-2425
-2429
-2433
-2436
-2437
-2438
-2438
-2438
-2437
-2435
-2432
-2429
-2424
-2419
-2414
-2407
-2399
-2391
-2382
-2372
-2362
-2350
-2338
-2325
-2311
-2297
-2281
-2265
-2248
-2230
-2212
-2192
-2173
-2151
-2130
-2107
-2084
-2060
-2035
-2010
-1983
-1957
-1929
-1901
-1871
-1841
-1810
-1779
-1748
-1715
-1681
-1647
-1613
-1577
-1541
-1505
-1468
-1429
-1391
-1352
-1313
-1273
-1232
-1191
-1149
-1107
-1064
-1021
-977
-933
-889
-844
-799
-752
-707
-660
-614
-567
-519
-472
-424
-376
-328
-279
-230
-181
-132
-83
-33
16
66
115
165
215
264
314
364
413
463
513
562
611
661
709
758
806
855
903
950
997
1045
1091
1138
1184
1230
1275
1320
1364
1408
1451
1494
1536
1578
1619
1660
1700
1739
1777
1815
1853
1890
1925
1960
1995
2029
2061
2094
2125
2155
2185
2214
2241
2268
2294
2319
2343
2366
2388
2410
2429
2449
2467
2485
2501
2516
2530
2543
2555
2566
2575
2584
2592
2598
2603
2608
2610
2612
2613
2612
2611
2608
2605
2599
2593
2586
2577
2567
2556
2544
2531
2517
2501
2484
2467
2447
2427
2406
2383
2360
2335
2309
2282
2254
2225
2195
2163
2130
2097
2062
2027
1990
1952
1914
1874
1833
1792
1749
1705
1661
1616
1569
1521
1473
1424
1375
1324
1273
1221
1168
1114
1060
1005
949
892
835
778
720
661
602
542
482
421
359
298
236
174
111
48
-15
-79
-143
-206
-271
-336
-400
-465
-530
-594
-660
-725
-789
-854
-919
-984
-1048
-1113
-1177
-1240
-1304
-1368
-1431
-1494
-1556
-1618
-1680
-1741
-1802
-1863
-1922
-1981
-2040
-2098
-2155
-2212
-2268
-2323
-2378
-2431
-2484
-2537
-2588
-2638
-2688
-2736
-2784
-2831
1789
1777
1764
1749
1736
1721
1706
1692
1676
1661
1645
1628
1612
1595
1578
1561
1543
1526
1508
1490
1471
1452
1433
1415
1396
1376
1357
1338
1318
1298
1279
1259
1239
1219
1199
1179
1159
1139
1119
1098
1078
1058
1039
1018
998
978
959
939
919
901
881
861
842
824
805
786
768
749
731
713
695
678
661
644
626
610
593
577
561
546
531
515
501
486
472
458
444
431
418
405
393
381
369
358
347
337
326
316
306
297
288
279
271
263
256
248
241
235
229
223
217
212
207
203
199
195
191
188
185
183
181
178
178
176
175
175
174
174
176
176
176
178
179
180
183
184
187
189
192
195
199
202
206
210
213
217
222
226
231
235
240
245
250
255
260
266
271
277
282
288
293
299
304
310
316
321
327
331
337
342
347
353
358
363
368
373
377
382
386
390
394
398
401
404
408
411
413
416
418
420
422
423
424
425
425
425
425
424
424
423
421
419
417
414
411
408
404
400
395
391
385
379
373
366
358
351
343
335
326
316
306
296
285
274
262
250
237
224
211
196
182
167
151
136
119
102
85
67
49
30
11
-9
-29
-50
-70
-92
-114
-136
-158
-182
-205
-229
-254
-278
-303
-329
-355
-381
-407
-434
-461
-489
-517
-545
-574
-602
-631
-661
-690
-720
-750
-780
-810
-841
-871
-902
-933
-964
-996
-1027
-1059
-1091
-1122
-1154
-1186
-1218
-1250
-1282
-1314
-1346
-1378
-1409
-1441
-1472
-1504
-1536
-1567
-1598
-1629
-1660
-1690
-1721
-1751
-1780
-1810
-1840
-1869
-1897
-1925
-1954
-1982
-2009
-2035
-2062
-2088
-2113
-2139
-2164
-2188
-2212
-2235
-2257
-2280
-2302
-2322
-2342
-2362
-2382
-2400
-2418
-2435
-2452
-2468
-2483
-2497
-2511
-2524
-2536
-2547
-2559
-2568
-2578
-2586
-2594
-2600
-2606
-2610
-2615
-2618
-2620
-2622
-2623
-2622
-2621
-2618
-2616
-2612
-2607
-2601
-2594
-2587
-2578
-2568
-2558
-2546
-2533
-2520
-2506
-2490
-2474
-2457
-2438
-2419
-2399
-2377
-2356
-2332
-2308
-2283
-2256
-2229
-2201
-2173
-2143
-2113
-2081
-2048
-2015
-1980
-1945
-1909
-1872
-1834
-1795
-1755
-1715
-1673
-1631
-1588
-1545
-1500
-1455
-1409
-1362
-1315
-1267
-1217
-1168
-1117
-1067
-1015
-963
-910
-857
-803
-749
-694
-638
-582
-526
-469
-411
-354
-296
-237
-178
-119
-60
-1
60
119
179
240
301
361
423
484
545
606
667
728
789
850
912
972
1033
1093
1154
1214
1274
1334
1394
1453
1512
1570
1628
1686
1743
1800
1856
1912
1967
2022
2076
2130
2183
2235
2286
2337
2387
2437
2485
2532
2579
2625
2670
2715
2758
2801
2842
2883
2923
2961
2998
3035
3070
3105
3137
3170
3201
3231
3259
3286
3313
3337
3361
3383
3404
3423
3442
3460
3475
3490
3503
3515
3524
3534
3542
3547
3552
3556
3557
3558
3557
3554
3551
3546
3538
3531
3521
3510
3498
1756
1759
1762
1763
1765
1766
1767
1768
1768
1768
1767
1767
1765
1763
1761
1758
1756
1752
1749
1745
1739
1734
1729
1723
1717
1710
1703
1695
1687
1678
1669
1660
1650
1639
1628
1617
1605
1593
1580
1567
1554
1539
1525
1510
1494
1478
1461
1445
1428
1410
1391
1373
1353
1333
1313
1293
1273
1251
1229
1207
1185
1161
1138
1114
1090
1066
1041
1015
989
964
937
911
883
856
828
801
772
744
714
685
656
626
596
565
535
504
474
443
412
380
349
317
285
253
221
189
156
124
91
59
27
-6
-39
-71
-104
-137
-169
-201
-233
-266
-298
-331
-363
-395
-426
-458
-490
-521
-552
-583
-614
-644
-674
-704
-734
-763
-793
-821
-850
-877
-905
-932
-959
-986
-1012
-1038
-1063
-1088
-1113
-1137
-1160
-1184
-1207
-1228
-1250
-1271
-1292
-1312
-1331
-1350
-1369
-1386
-1403
-1420
-1436
-1451
-1466
-1480
-1494
-1506
-1519
-1530
-1540
-1550
-1560
-1568
-1577
-1584
-1590
-1597
-1601
-1606
-1610
-1613
-1615
-1617
-1617
-1618
-1617
-1615
-1613
-1611
-1607
-1603
-1598
-1592
-1585
-1578
-1570
-1561
-1552
-1542
-1530
-1519
-1507
-1493
-1480
-1465
-1450
-1434
-1417
-1400
-1382
-1363
-1344
-1324
-1304
-1282
-1261
-1238
-1215
-1191
-1167
-1143
-1117
-1091
-1065
-1037
-1010
-982
-953
-924
-894
-865
-835
-804
-772
-741
-708
-676
-643
-609
-576
-542
-508
-474
-439
-403
-369
-333
-298
-262
-226
-190
-154
-117
-80
-44
-7
30
66
103
140
177
213
250
286
323
359
396
432
467
503
539
574
609
644
678
712
746
779
813
845
878
910
942
972
1003
1033
1063
1092
1120
1149
1176
1203
1230
1255
1280
1305
1329
1352
1374
1396
1417
1437
1457
1476
1494
1512
1528
1544
1559
1573
1586
1599
1610
1621
1631
1640
1648
1656
1662
1667
1672
1675
1678
1679
1680
1680
1679
1677
1674
1670
1665
1659
1652
1644
1635
1626
1615
1603
1590
1577
1562
1547
1530
1513
1494
1475
1455
1433
1411
1388
1364
1339
1313
1287
1258
1230
1201
1170
1139
1107
1075
1041
1007
971
936
899
861
823
784
744
704
663
621
579
536
492
448
403
357
312
265
218
171
123
75
26
-23
-72
-122
-173
-223
-273
-325
-377
-428
-480
-532
-584
-637
-689
-742
-794
-847
-900
-952
-1005
-1058
-1111
-1163
-1216
-1268
-1319
-1371
-1423
-1475
-1525
-1576
-1627
-1677
-1726
-1776
-1825
-1873
-1921
-1969
-2016
-2063
-2108
-2153
-2199
-2243
-2286
-2329
-2371
-2412
-2453
-2493
-2532
-2569
-2608
-2644
-2679
-2714
-2748
-2781
-2813
-2844
-2874
-2903
-2931
-2957
-2983
-3009
-3032
-3055
-3076
-3097
-3116
-3134
-3150
-3166
-3180
-3193
-3206
-3217
-3226
-3234
-3241
-3246
-3250
-3253
-3256
-3256
-3255
-3253
-3250
-3245
-3238
-3230
-3222
-3211
-3200
-3186
-3172
-3156
-3139
-3121
-3101
-3079
-3057
-3033
-3008
-2982
-2954
-2924
-2894
-2862
-2829
-2795
-2759
-2722
-2684
-2644
-2603
-2562
-2518
-2474
-2428
-2381
-2333
-2284
-2234
-2182
-2129
-2076
-2021
-1965
-1909
-1851
1640
1636
1631
1626
1623
1618
1613
1609
1604
1600
1596
1591
1587
1583
1579
1575
1570
1567
1563
1559
1555
1553
1549
1545
1542
1539
1536
1533
1530
1527
1525
1521
1519
1516
1514
1512
1509
1508
1505
1503
1502
1499
1498
1496
1494
1493
1491
1489
1489
1487
1486
1485
1483
1482
1481
1479
1478
1477
1476
1475
1474
1472
1472
1471
1469
1467
1466
1465
1464
1462
1461
1459
1458
1456
1453
1451
1449
1448
1445
1443
1440
1437
1434
1431
1428
1425
1422
1418
1414
1409
1405
1400
1395
1390
1385
1379
1374
1368
1361
1355
1347
1341
1333
1326
1317
1309
1300
1291
1281
1272
1262
1252
1240
1230
1218
1206
1194
1181
1169
1155
1141
1127
1112
1097
1082
1067
1050
1034
1016
999
981
963
944
925
906
886
865
844
823
801
779
757
734
711
687
663
638
613
587
562
536
509
481
453
426
398
369
340
310
280
250
220
189
157
126
94
62
29
-4
-37
-70
-104
-138
-172
-206
-241
-276
-311
-347
-383
-419
-454
-490
-527
-563
-599
-636
-673
-710
-747
-784
-821
-858
-896
-933
-970
-1007
-1045
-1081
-1118
-1156
-1193
-1230
-1266
-1303
-1340
-1376
-1413
-1448
-1484
-1520
-1555
-1590
-1624
-1659
-1694
-1727
-1761
-1795
-1827
-1860
-1892
-1924
-1955
-1986
-2017
-2047
-2077
-2106
-2135
-2162
-2190
-2217
-2243
-2269
-2294
-2318
-2343
-2366
-2389
-2411
-2433
-2453
-2473
-2493
-2511
-2529
-2546
-2562
-2578
-2593
-2607
-2620
-2632
-2643
-2654
-2664
-2673
-2681
-2688
-2695
-2700
-2705
-2708
-2711
-2713
-2714
-2713
-2713
-2711
-2708
-2704
-2699
-2693
-2687
-2679
-2671
-2661
-2650
-2639
-2626
-2613
-2598
-2583
-2566
-2549
-2531
-2511
-2490
-2470
-2447
-2424
-2400
-2375
-2348
-2321
-2293
-2264
-2234
-2204
-2172
-2139
-2106
-2072
-2036
-2000
-1963
-1925
-1886
-1847
-1807
-1766
-1724
-1681
-1638
-1593
-1548
-1503
-1457
-1410
-1362
-1313
-1265
-1215
-1164
-1114
-1062
-1010
-957
-904
-851
-797
-742
-687
-632
-576
-520
-463
-407
-350
-292
-235
-176
-118
-59
-1
58
117
176
235
294
354
413
472
531
591
650
709
768
827
885
944
1002
1060
1118
1175
1232
1289
1345
1401
1457
1512
1566
1621
1674
1727
1780
1832
1883
1934
1983
2033
2082
2130
2177
2224
2269
2313
2358
2400
2443
2484
2524
2564
2602
2640
2676
2712
2746
2779
2812
2842
2873
2902
2929
2956
2982
3006
3029
3051
3071
3090
3109
3126
3141
3155
3168
3180
3190
3199
3207
3213
3217
3221
3224
3224
3223
3221
3218
3214
3207
3200
3191
3180
3168
3155
3141
3124
3106
3088
3068
3045
3023
2998
2972
2945
2917
2887
2855
2823
2789
2753
2716
2678
2639
2598
2556
2513
2469
2423
2376
2328
2279
2228
2177
2124
2070
2015
1959
1901
1844
1785
1724
1663
1601
1538
1474
1409
1343
1276
1208
1140
1071
1002
931
860
787
715
642
568
495
420
344
268
192
115
38
-38
-115
-193
-272
-350
-428
-507
-585
-665
-744
-822
-902
-980
-1059
-1137
