4096 1603264
4100 0
4104 202834
4108 761209
4112 43670
4116 380383
4120 14150
4124 253423
4128 3897
4132 189957
4136 -877
4140 151858
4144 -3492
4148 126457
4152 -5055
4156 108365
4160 -6053
4164 94619
4168 -6729
4172 83980
4176 -7238
4180 75508
4184 -7605
4188 68533
4192 -7886
4196 62733
4200 -8089
4204 57794
4208 -8258
4212 53557
4216 -8294
4220 49855
4224 -8570
4228 46810
4232 -8645
4236 43966
4240 -8711
4244 41471
4248 -8784
4252 39204
4256 -8839
4260 37177
4264 -8893
4268 35333
4272 -8945
4276 33665
4280 -8993
4284 32150
4288 -9009
4292 30710
4296 -9032
4300 29401
4304 -9068
4308 28215
4312 -9098
4316 27102
4320 -9125
4324 26088
4328 -9151
4332 25136
4336 -9210
4340 24285
4344 -9316
4348 23612
4352 -9171
4356 22479
4360 -9161
4364 21689
4368 -9156
4372 21009
4376 -9177
4380 20334
4384 -9178
4388 19697
4392 -9194
4396 19083
4400 -9200
4404 18506
4408 -9218
4412 17973
4416 -9209
4420 17428
4424 -9212
4428 16924
4432 -9222
4436 16451
4440 -9227
4444 15988
4448 -9238
4452 15552
4456 -9236
4460 15124
4464 -9239
4468 14720
4472 -9208
4476 14332
4480 -9293
4484 13991
4488 -9299
4492 13631
4496 -9307
4500 13301
4504 -9321
4508 12969
4512 -9332
4516 12665
4520 -9348
4524 12364
4528 -9372
4532 12087
4536 -9400
4540 11824
4544 -9413
4548 11561
4552 -9442
4556 11323
4560 -9477
4564 11112
4568 -9525
4572 10925
4576 -9609
4580 10794
4584 -9739
4588 10754
4592 -10038
4596 10912
4600 -11182
4604 11760
4608 -9267
4612 9239
4616 -9229
4620 8949
4624 -9228
4628 8756
4632 -9226
4636 8548
4640 -9228
4644 8353
4648 -9234
4652 8144
4656 -9237
4660 7940
4664 -9243
4668 7744
4672 -9232
4676 7543
4680 -9225
4684 7343
4688 -9234
4692 7159
4696 -9234
4700 6975
4704 -9233
4708 6789
4712 -9231
4716 6612
4720 -9226
4724 6432
4728 -9204
4732 6272
4736 -9257
4740 6099
4744 -9253
4748 5937
4752 -9262
4756 5780
4760 -9263
4764 5614
4768 -9272
4772 5460
4776 -9273
4780 5302
4784 -9282
4788 5147
4792 -9296
4796 4994
4800 -9286
4804 4845
4808 -9285
4812 4697
4816 -9297
4820 4550
4824 -9302
4828 4407
4832 -9315
4836 4267
4840 -9327
4844 4126
4848 -9355
4852 3990
4856 -9440
4860 3871
4864 -9301
4868 3688
4872 -9287
4876 3547
4880 -9298
4884 3427
4888 -9303
4892 3285
4896 -9304
4900 3152
4904 -9305
4908 3016
4912 -9308
4916 2880
4920 -9318
4924 2751
4928 -9314
4932 2615
4936 -9311
4940 2480
4944 -9319
4948 2350
4952 -9321
4956 2217
4960 -9325
4964 2084
4968 -9329
4972 1945
4976 -9329
4980 1809
4984 -9321
4988 1685
4992 -9369
4996 1529
5000 -9375
5004 1395
5008 -9395
5012 1254
5016 -9408
5020 1103
5024 -9421
5028 952
5032 -9441
5036 797
5040 -9466
5044 632
5048 -9497
5052 455
5056 -9515
5060 274
5064 -9544
5068 62
5072 -9589
5076 -182
5080 -9664
5084 -460
5088 -9745
5092 -841
5096 -9865
5100 -1398
5104 -10073
5108 -2446
5112 -10225
5116 -5547
5120 -9280
5124 0
5128 -9240
5132 -49
5136 -9252
5140 -135
5144 -9256
5148 -253
5152 -9273
5156 -355
5160 -9285
5164 -478
5168 -9280
5172 -583
5176 -9291
5180 -701
5184 -9279
5188 -809
5192 -9279
5196 -924
5200 -9280
5204 -1042
5208 -9279
5212 -1157
5216 -9282
5220 -1275
5224 -9275
5228 -1392
5232 -9270
5236 -1505
5240 -9264
5244 -1607
5248 -9296
5252 -1758
5256 -9295
5260 -1876
5264 -9303
5268 -1995
5272 -9306
5276 -2116
5280 -9309
5284 -2241
5288 -9309
5292 -2365
5296 -9313
5300 -2493
5304 -9321
5308 -2624
5312 -9315
5316 -2744
5320 -9312
5324 -2871
5328 -9322
5332 -3001
5336 -9326
5340 -3134
5344 -9337
5348 -3266
5352 -9349
5356 -3400
5360 -9376
5364 -3549
5368 -9450
5372 -3718
5376 -9321
5380 -3791
5384 -9307
5388 -3915
5392 -9324
5396 -4047
5400 -9327
5404 -4190
5408 -9332
5412 -4327
5416 -9328
5420 -4473
5424 -9332
5428 -4614
5432 -9344
5436 -4769
5440 -9335
5444 -4906
5448 -9334
5452 -5054
5456 -9342
5460 -5207
5464 -9341
5468 -5362
5472 -9348
5476 -5520
5480 -9346
5484 -5672
5488 -9351
5492 -5832
5496 -9354
5500 -5970
5504 -9381
5508 -6189
5512 -9387
5516 -6351
5520 -9405
5524 -6533
5528 -9413
5532 -6715
5536 -9430
5540 -6901
5544 -9448
5548 -7090
5552 -9472
5556 -7291
5560 -9500
5564 -7500
5568 -9533
5572 -7701
5576 -9576
5580 -7919
5584 -9633
5588 -8150
5592 -9711
5596 -8395
5600 -9839
5604 -8682
5608 -10049
5612 -9018
5616 -10448
5620 -9528
5624 -11548
5628 -10870
5632 -9293
5636 -9239
5640 -9233
5644 -9429
5648 -9254
5652 -9660
5656 -9260
5660 -9898
5664 -9276
5668 -10151
5672 -9272
5676 -10412
5680 -9271
5684 -10674
5688 -9271
5692 -10948
5696 -9256
5700 -11217
5704 -9247
5708 -11495
5712 -9244
5716 -11797
5720 -9238
5724 -12103
5728 -9231
5732 -12415
5736 -9221
5740 -12734
5744 -9210
5748 -13060
5752 -9222
5756 -13380
5760 -9213
5764 -13815
5768 -9211
5772 -14187
5776 -9216
5780 -14584
5784 -9207
5788 -14990
5792 -9208
5796 -15424
5800 -9197
5804 -15866
5808 -9192
5812 -16335
5816 -9190
5820 -16832
5824 -9178
5828 -17319
5832 -9171
5836 -17843
5840 -9161
5844 -18412
5848 -9154
5852 -18999
5856 -9155
5860 -19633
5864 -9153
5868 -20290
5872 -9159
5876 -21034
5880 -9198
5884 -21945
5888 -9071
5892 -22376
5896 -9049
5900 -23137
5904 -9070
5908 -24005
5912 -9041
5916 -24921
5920 -9026
5924 -25894
5928 -8993
5932 -26930
5936 -8968
5940 -28048
5944 -8948
5948 -29279
5952 -8906
5956 -30545
5960 -8871
5964 -31942
5968 -8825
5972 -33486
5976 -8771
5980 -35155
5984 -8705
5988 -36996
5992 -8633
5996 -38997
6000 -8557
6004 -41225
6008 -8533
6012 -43659
6016 -8325
6020 -46667
6024 -8199
6028 -49843
6032 -8057
6036 -53510
6040 -7834
6044 -57701
6048 -7589
6052 -62616
6056 -7251
6060 -68395
6064 -6822
6068 -75340
6072 -6251
6076 -83875
6080 -5479
6084 -94354
6088 -4358
6092 -107874
6096 -2653
6100 -125972
6104 164
6108 -151270
6112 5253
6116 -189183
6120 16033
6124 -252286
6128 46579
6132 -378470
6136 208631
6140 -756243
6144 1620393
6148 0
6152 204739
6156 769409
6160 43574
6164 385120
6168 13416
6172 256305
6176 2675
6180 191711
6184 -1542
6188 152922
6192 -3691
6196 126932
6200 -5064
6204 109280
6208 -5791
6212 95920
6216 -7147
6220 85310
6224 -8199
6228 76957
6232 -8636
6236 69210
6240 -9068
6244 62793
6248 -8556
6252 57799
6256 -8181
6260 53442
6264 -8301
6268 50413
6272 -8565
6276 47874
6280 -9365
6284 44830
6288 -9964
6292 42246
6296 -9804
6300 39244
6304 -9737
6308 36689
6312 -9093
6316 35136
6320 -8665
6324 33608
6328 -9116
6332 32752
6336 -9354
6340 31737
6344 -10016
6348 29920
6352 -10460
6356 28447
6360 -9923
6364 26733
6368 -9649
6372 25340
6376 -9135
6380 25008
6384 -8887
6388 24479
6392 -9691
6396 24261
6400 -9913
6404 23381
6408 -10307
6412 21809
6416 -10501
6420 20731
6424 -9709
6428 19715
6432 -9313
6436 18920
6440 -9085
6444 19156
6448 -8999
6452 18971
6456 -9920
6460 18578
6464 -10319
6468 18051
6472 -10375
6476 16602
6480 -10369
6484 15720
6488 -9418
6492 15290
6496 -9043
6500 14919
6504 -9194
6508 15443
6512 -9332
6516 15375
6520 -10261
6524 14722
6528 -10661
6532 14197
6536 -10305
6540 12875
6544 -10093
6548 12260
6552 -9194
6556 12380
6560 -8964
6564 12309
6568 -9562
6572 12893
6576 -9869
6580 12790
6584 -10735
6588 11826
6592 -10887
6596 11252
6600 -10129
6604 10233
6608 -9851
6612 9927
6616 -9211
6620 10614
6624 -9280
6628 10780
6632 -10402
6636 11303
6640 -11009
6644 11399
6648 -12537
6652 11192
6656 -10641
6660 8378
6664 -9466
6668 7644
6672 -9137
6676 7602
6680 -8809
6684 8593
6688 -9042
6692 8676
6696 -10322
6700 8662
6704 -10575
6708 8155
6712 -10659
6716 6624
6720 -10303
6724 6194
6728 -8942
6732 6055
6736 -8787
6740 6243
6744 -9002
6748 7423
6752 -9446
6756 7318
6760 -10828
6764 6757
6768 -10849
6772 6079
6776 -10302
6780 4503
6784 -9838
6788 4376
6792 -8466
6796 4894
6800 -8635
6804 5252
6808 -9504
6812 6398
6816 -10038
6820 5969
6824 -11318
6828 4747
6832 -10979
6836 4031
6840 -9767
6844 2643
6848 -9250
6852 2932
6856 -8134
6860 4153
6864 -8722
6868 4469
6872 -10293
6876 5292
6880 -10741
6884 4423
6888 -11620
6892 2512
6896 -10826
6900 1970
6904 -8983
6908 1117
6912 -8582
6916 1834
6920 -8041
6924 3735
6928 -9119
6932 3744
6936 -11363
6940 3886
6944 -11392
6948 2506
6952 -11491
6956 -77
6960 -10168
6964 -144
6968 -7632
6972 -146
6976 -7949
6980 1086
6984 -8410
6988 3585
6992 -9972
6996 2829
7000 -12825
7004 1800
7008 -11993
7012 -86
7016 -10795
7020 -3307
7024 -9020
7028 -2390
7032 -5869
7036 -973
7040 -7469
7044 612
7048 -9710
7052 3610
7056 -11662
7060 1248
7064 -15114
7068 -2030
7072 -12452
7076 -4422
7080 -8638
7084 -8492
7088 -6577
7092 -5512
7096 -2682
7100 -1041
7104 -7259
7108 404
7112 -14136
7116 3805
7120 -16347
7124 -3524
7128 -21230
7132 -15141
7136 -11974
7140 -19922
7144 6237
7148 -29924
7152 12568
7156 -20857
7160 26915
7164 21062
7168 -27163
7172 0
7176 28287
7180 -26493
7184 13328
7188 18500
7192 6690
7196 28483
7200 -11635
7204 18759
7208 -20980
7212 14172
7216 -16079
7220 2734
7224 -13878
7228 -4484
7232 -7021
7236 -928
7240 -2471
7244 616
7248 -6417
7252 5119
7256 -8520
7260 8150
7264 -12334
7268 4095
7272 -14998
7276 1719
7280 -11533
7284 -1506
7288 -9579
7292 -3817
7296 -7399
7300 -830
7304 -5843
7308 786
7312 -8994
7316 2216
7320 -10780
7324 3150
7328 -11983
7332 -65
7336 -12827
7340 -1948
7344 -9971
7348 -2966
7352 -8420
7356 -3726
7360 -7954
7364 -1207
7368 -7626
7372 38
7376 -10188
7380 29
7384 -11521
7388 -33
7392 -11433
7396 -2616
7400 -11413
7404 -3992
7408 -9207
7412 -3853
7416 -8221
7420 -3911
7424 -8611
7428 -1933
7432 -8885
7436 -1159
7440 -10801
7444 -2039
7448 -11625
7452 -2587
7456 -10749
7460 -4484
7464 -10313
7468 -5356
7472 -8761
7476 -4521
7480 -8200
7484 -4214
7488 -9307
7492 -2989
7496 -9817
7500 -2702
7504 -11039
7508 -4090
7512 -11378
7516 -4802
7520 -10111
7524 -6023
7528 -9584
7532 -6441
7536 -8730
7540 -5291
7544 -8577
7548 -4920
7552 -9975
7556 -4465
7560 -10481
7564 -4597
7568 -11021
7572 -6172
7576 -11006
7580 -6842
7584 -9644
7588 -7407
7592 -9236
7596 -7511
7600 -9049
7604 -6360
7608 -9249
7612 -6210
7616 -10619
7620 -6358
7624 -10979
7628 -6805
7632 -10957
7636 -8347
7640 -10789
7644 -8854
7648 -9672
7652 -8938
7656 -9740
7660 -8991
7664 -10487
7668 -8349
7672 -11903
7676 -9734
7680 -10665
7684 -8378
7688 -10716
7692 -8936
7696 -10181
7700 -10238
7704 -9841
7708 -10533
7712 -8882
7716 -10146
7720 -8896
7724 -10084
7728 -9623
7732 -9481
7736 -9963
7740 -9844
7744 -10725
7748 -10918
7752 -10580
7756 -11525
7760 -9721
7764 -12515
7768 -9430
7772 -12639
7776 -8844
7780 -12058
7784 -9078
7788 -12131
7792 -9993
7796 -12019
7800 -10234
7804 -12619
7808 -10578
7812 -14028
7816 -10246
7820 -14590
7824 -9299
7828 -15238
7832 -9156
7836 -15312
7840 -9010
7844 -14789
7848 -9386
7852 -15167
7856 -10337
7860 -15609
7864 -10353
7868 -16517
7872 -10282
7876 -17946
7880 -9864
7884 -18451
7888 -8954
7892 -18873
7896 -9043
7900 -19072
7904 -9293
7908 -18855
7912 -9692
7916 -19672
7920 -10508
7924 -20768
7928 -10345
7932 -22087
7936 -9802
7940 -23282
7944 -9419
7948 -23793
7952 -8739
7956 -24196
7960 -9023
7964 -24798
7968 -9550
7972 -25142
7976 -9819
7980 -26563
7984 -10360
7988 -28294
7992 -9924
7996 -29810
8000 -9241
8004 -31576
8008 -8986
8012 -32541
8016 -8544
8020 -33423
8024 -8975
8028 -34960
8032 -9609
8036 -36510
8040 -9655
8044 -39047
8048 -9810
8052 -42018
8056 -9237
8060 -44533
8064 -8307
8068 -47736
8072 -8192
8076 -50392
8080 -7988
8084 -53388
8088 -8330
8092 -57716
8096 -8796
8100 -62700
8104 -8292
8108 -69114
8112 -7769
8116 -76830
8120 -6630
8124 -85231
8128 -5195
8132 -95654
8136 -4372
8140 -108757
8144 -2897
8148 -126440
8152 -590
8156 -152403
8160 3978
8164 -191044
8168 15349
8172 -255356
8176 46620
8180 -383373
8184 210949
8188 -764324
4096 1344256
4100 0
4104 -449368
4108 377439
4112 264456
4116 -234876
4120 15488
4124 -26072
4128 3506
4132 -11819
4136 1180
4140 -7490
4144 482
4148 -5494
4152 341
4156 -4319
4160 217
4164 -3614
4168 219
4172 -3103
4176 183
4180 -2735
4184 185
4188 -2424
4192 205
4196 -2192
4200 210
4204 -1989
4208 274
4212 -1747
4216 165
4220 -1848
4224 235
4228 -1575
4232 252
4236 -1468
4240 255
4244 -1427
4248 243
4252 -1314
4256 261
4260 -1236
4264 266
4268 -1178
4272 253
4276 -1120
4280 284
4284 -1056
4288 272
4292 -1011
4296 281
4300 -968
4304 274
4308 -940
4312 275
4316 -900
4320 276
4324 -858
4328 273
4332 -823
4336 201
4340 -913
4344 451
4348 -560
4352 281
4356 -737
4360 310
4364 -703
4368 273
4372 -722
4376 283
4380 -666
4384 288
4388 -647
4392 285
4396 -631
4400 287
4404 -607
4408 299
4412 -571
4416 289
4420 -568
4424 286
4428 -545
4432 285
4436 -534
4440 290
4444 -523
4448 288
4452 -511
4456 289
4460 -490
4464 296
4468 -441
4472 293
4476 -523
4480 294
4484 -457
4488 302
4492 -442
4496 306
4500 -448
4504 295
4508 -428
4512 292
4516 -412
4520 301
4524 -406
4528 294
4532 -400
4536 298
4540 -372
4544 298
4548 -375
4552 305
4556 -368
4560 302
4564 -370
4568 297
4572 -373
4576 304
4580 -372
4584 280
4588 -431
4592 -244
4596 -1477
4600 1262
4604 1648
4608 296
4612 -302
4616 346
4620 -281
4624 249
4628 -300
4632 287
4636 -279
4640 295
4644 -274
4648 288
4652 -265
4656 290
4660 -269
4664 296
4668 -248
4672 297
4676 -244
4680 299
4684 -232
4688 295
4692 -236
4696 297
4700 -234
4704 296
4708 -219
4712 299
4716 -215
4720 292
4724 -189
4728 307
4732 -239
4736 294
4740 -196
4744 300
4748 -195
4752 297
4756 -193
4760 303
4764 -187
4768 298
4772 -180
4776 305
4780 -169
4784 301
4788 -173
4792 299
4796 -148
4800 299
4804 -160
4808 300
4812 -153
4816 294
4820 -156
4824 296
4828 -140
4832 302
4836 -136
4840 299
4844 -137
4848 308
4852 -189
4856 289
4860 -17
4864 296
4868 -119
4872 303
4876 -96
4880 308
4884 -126
4888 298
4892 -110
4896 300
4900 -107
4904 298
4908 -98
4912 297
4916 -100
4920 301
4924 -84
4928 299
4932 -90
4936 302
4940 -79
4944 303
4948 -85
4952 290
4956 -76
4960 299
4964 -70
4968 298
4972 -63
4976 292
4980 -39
4984 333
4988 -77
4992 299
4996 -51
5000 293
5004 -43
5008 312
5012 -46
5016 301
5020 -40
5024 307
5028 -28
5032 299
5036 -31
5040 305
5044 -22
5048 308
5052 -5
5056 306
5060 -9
5064 311
5068 7
5072 313
5076 9
5080 327
5084 27
5088 347
5092 51
5096 475
5100 105
5104 2687
5108 763
5112 -3762
5116 -1121
5120 306
5124 0
5128 288
5132 71
5136 342
5140 -80
5144 308
5148 10
5152 296
5156 11
5160 302
5164 10
5168 298
5172 16
5176 297
5180 21
5184 299
5188 28
5192 305
5196 29
5200 299
5204 31
5208 297
5212 40
5216 301
5220 38
5224 296
5228 47
5232 280
5236 63
5240 323
5244 38
5248 297
5252 57
5256 306
5260 64
5264 311
5268 65
5272 297
5276 72
5280 299
5284 76
5288 294
5292 80
5296 305
5300 80
5304 298
5308 88
5312 302
5316 91
5320 307
5324 96
5328 304
5332 100
5336 297
5340 98
5344 300
5348 110
5352 299
5356 109
5360 349
5364 83
5368 219
5372 180
5376 297
5380 121
5384 296
5388 137
5392 315
5396 132
5400 303
5404 134
5408 304
5412 137
5416 303
5420 143
5424 301
5428 151
5432 293
5436 159
5440 301
5444 160
5448 302
5452 159
5456 307
5460 172
5464 306
5468 171
5472 302
5476 179
5480 305
5484 188
5488 274
5492 195
5496 345
5500 197
5504 300
5508 197
5512 298
5516 206
5520 308
5524 220
5528 307
5532 218
5536 306
5540 226
5544 305
5548 234
5552 306
5556 238
5560 304
5564 246
5568 310
5572 251
5576 305
5580 268
5584 314
5588 270
5592 313
5596 271
5600 338
5604 280
5608 398
5612 265
5616 1450
5620 -265
5624 -1656
5628 1280
5632 298
5636 302
5640 290
5644 359
5648 313
5652 276
5656 297
5660 317
5664 299
5668 326
5672 294
5676 345
5680 298
5684 347
5688 286
5692 354
5696 295
5700 362
5704 293
5708 374
5712 295
5716 384
5720 301
5724 394
5728 290
5732 397
5736 291
5740 417
5744 262
5748 417
5752 349
5756 461
5760 294
5764 450
5768 286
5772 463
5776 301
5780 483
5784 293
5788 485
5792 290
5796 508
5800 295
5804 515
5808 293
5812 529
5816 271
5820 540
5824 291
5828 564
5832 288
5836 581
5840 292
5844 604
5848 292
5852 626
5856 294
5860 644
5864 297
5868 663
5872 418
5876 711
5880 29
5884 685
5888 282
5892 735
5896 263
5900 770
5904 312
5908 816
5912 280
5916 810
5920 280
5924 853
5928 282
5932 898
5936 283
5940 932
5944 255
5948 960
5952 275
5956 1006
5960 258
5964 1069
5968 265
5972 1115
5976 274
5980 1172
5984 259
5988 1226
5992 244
5996 1305
6000 158
6004 1325
6008 357
6012 1591
6016 235
6020 1575
6024 211
6028 1687
6032 222
6036 1874
6040 209
6044 1994
6048 203
6052 2198
6056 191
6060 2427
6064 207
6068 2724
6072 130
6076 3075
6080 210
6084 3609
6088 247
6092 4353
6096 491
6100 5491
6104 1151
6108 7471
6112 3423
6116 11801
6120 15271
6124 26121
6128 261599
6132 236103
6136 -444248
6140 -379791
6144 -1048324
6148 0
6152 361136
6156 -183496
6160 -164712
6164 -527493
6168 -4068
6172 -158108
6176 3121
6180 -104349
6184 4384
6188 -79467
6192 4670
6196 -64579
6200 4686
6204 -54518
6208 4745
6212 -47207
6216 4717
6220 -41675
6224 4699
6228 -37290
6232 4668
6236 -33755
6240 4661
6244 -30804
6248 4632
6252 -28328
6256 4554
6260 -26135
6264 4700
6268 -24360
6272 4640
6276 -22873
6280 4628
6284 -21477
6288 4574
6292 -20262
6296 4593
6300 -19131
6304 4604
6308 -18127
6312 4599
6316 -17230
6320 4592
6324 -16409
6328 4572
6332 -15641
6336 4588
6340 -14948
6344 4592
6348 -14317
6352 4586
6356 -13726
6360 4583
6364 -13184
6368 4587
6372 -12695
6376 4592
6380 -12239
6384 4698
6388 -11924
6392 4433
6396 -11434
6400 4576
6404 -10923
6408 4561
6412 -10559
6416 4515
6420 -10220
6424 4553
6428 -9884
6432 4558
6436 -9577
6440 4555
6444 -9278
6448 4549
6452 -8998
6456 4543
6460 -8730
6464 4550
6468 -8469
6472 4550
6476 -8223
6480 4551
6484 -7989
6488 4550
6492 -7778
6496 4555
6500 -7557
6504 4542
6508 -7340
6512 4512
6516 -7131
6520 4574
6524 -6944
6528 4572
6532 -6792
6536 4569
6540 -6629
6544 4565
6548 -6468
6552 4579
6556 -6296
6560 4581
6564 -6156
6568 4586
6572 -6013
6576 4594
6580 -5883
6584 4596
6588 -5744
6592 4610
6596 -5622
6600 4620
6604 -5511
6608 4635
6612 -5408
6616 4658
6620 -5334
6624 4704
6628 -5281
6632 4799
6636 -5347
6640 5881
6644 -6224
6648 3623
6652 -5764
6656 4536
6660 -4483
6664 4502
6668 -4387
6672 4482
6676 -4211
6680 4504
6684 -4152
6688 4507
6692 -4054
6696 4508
6700 -3958
6704 4512
6708 -3858
6712 4500
6716 -3762
6720 4515
6724 -3662
6728 4517
6732 -3572
6736 4504
6740 -3473
6744 4509
6748 -3390
6752 4505
6756 -3294
6760 4507
6764 -3204
6768 4469
6772 -3119
6776 4512
6780 -3012
6784 4518
6788 -2967
6792 4514
6796 -2881
6800 4516
6804 -2821
6808 4523
6812 -2733
6816 4526
6820 -2653
6824 4524
6828 -2576
6832 4532
6836 -2503
6840 4533
6844 -2424
6848 4531
6852 -2354
6856 4528
6860 -2286
6864 4528
6868 -2209
6872 4540
6876 -2146
6880 4546
6884 -2080
6888 4558
6892 -2004
6896 4618
6900 -1945
6904 4529
6908 -1932
6912 4532
6916 -1785
6920 4532
6924 -1737
6928 4521
6932 -1677
6936 4536
6940 -1597
6944 4538
6948 -1525
6952 4544
6956 -1469
6960 4544
6964 -1404
6968 4536
6972 -1344
6976 4542
6980 -1268
6984 4542
6988 -1209
6992 4546
6996 -1146
7000 4542
7004 -1078
7008 4547
7012 -1016
7016 4547
7020 -947
7024 4526
7028 -883
7032 4549
7036 -793
7040 4565
7044 -738
7048 4575
7052 -679
7056 4578
7060 -622
7064 4591
7068 -538
7072 4600
7076 -462
7080 4610
7084 -388
7088 4622
7092 -303
7096 4640
7100 -225
7104 4642
7108 -136
7112 4671
7116 -20
7120 4701
7124 96
7128 4748
7132 249
7136 4814
7140 473
7144 4923
7148 901
7152 4950
7156 3821
7160 7416
7164 94
7168 4538
7172 0
7176 4554
7180 16
7184 4432
7188 -5
7192 4512
7196 104
7200 4525
7204 169
7208 4528
7212 229
7216 4530
7220 281
7224 4528
7228 326
7232 4515
7236 395
7240 4533
7244 447
7248 4525
7252 502
7256 4524
7260 561
7264 4525
7268 616
7272 4520
7276 672
7280 4492
7284 719
7288 4512
7292 804
7296 4528
7300 847
7304 4534
7308 913
7312 4536
7316 960
7320 4537
7324 1029
7328 4542
7332 1093
7336 4539
7340 1148
7344 4546
7348 1211
7352 4546
7356 1267
7360 4544
7364 1328
7368 4540
7372 1395
7376 4550
7380 1456
7384 4555
7388 1520
7392 4555
7396 1579
7400 4564
7404 1651
7408 4622
7412 1754
7416 4589
7420 1724
7424 4542
7428 1835
7432 4551
7436 1905
7440 4551
7444 1952
7448 4557
7452 2030
7456 4556
7460 2107
7464 4555
7468 2174
7472 4553
7476 2240
7480 4557
7484 2310
7488 4558
7492 2381
7496 4562
7500 2447
7504 4557
7508 2525
7512 4558
7516 2602
7520 4563
7524 2677
7528 4564
7532 2756
7536 4550
7540 2807
7544 4546
7548 2924
7552 4582
7556 3008
7560 4589
7564 3077
7568 4595
7572 3162
7576 4601
7580 3250
7584 4605
7588 3346
7592 4614
7596 3441
7600 4632
7604 3537
7608 4656
7612 3630
7616 4670
7620 3734
7624 4684
7628 3837
7632 4719
7636 3948
7640 4768
7644 4070
7648 4852
7652 4211
7656 5035
7660 4415
7664 6049
7668 5588
7672 5675
7676 3430
7680 4550
7684 4483
7688 4564
7692 4563
7696 4494
7700 4657
7704 4528
7708 4804
7712 4543
7716 4926
7720 4548
7724 5060
7728 4548
7732 5184
7736 4546
7740 5310
7744 4541
7748 5450
7752 4541
7756 5584
7760 4536
7764 5733
7768 4539
7772 5884
7776 4533
7780 6030
7784 4537
7788 6176
7792 4525
7796 6299
7800 4496
7804 6528
7808 4538
7812 6705
7816 4544
7820 6897
7824 4554
7828 7079
7832 4535
7836 7275
7840 4544
7844 7495
7848 4542
7852 7718
7856 4546
7860 7933
7864 4549
7868 8162
7872 4541
7876 8414
7880 4544
7884 8672
7888 4540
7892 8943
7896 4550
7900 9234
7904 4552
7908 9544
7912 4558
7916 9872
7920 4578
7924 10371
7928 4701
7932 10478
7936 4530
7940 10873
7944 4544
7948 11263
7952 4581
7956 11653
7960 4550
7964 12123
7968 4548
7972 12599
7976 4538
7980 13101
7984 4550
7988 13654
7992 4568
7996 14232
8000 4546
8004 14868
8008 4550
8012 15561
8016 4546
8020 16314
8024 4550
8028 17138
8032 4543
8036 18028
8040 4535
8044 19015
8048 4572
8052 20011
8056 4447
8060 21349
8064 4529
8068 22810
8072 4527
8076 24395
8080 4578
8084 26220
8088 4529
8092 28304
8096 4526
8100 30768
8104 4514
8108 33700
8112 4520
8116 37241
8120 4548
8124 41567
8128 4466
8132 47096
8136 4413
8140 54358
8144 4269
8148 64348
8152 3862
8156 79199
8160 2382
8164 103969
8168 -5205
8172 157487
8176 -168284
8180 524119
8184 358154
8188 185820
