4112 -18560
4116 0
4096 1593984
4100 0
4120 26
4124 18478
4104 1612544
4108 0
4144 -18372
4148 -18688
4128 -18492
4132 18688
4152 -230
4156 26064
4136 150
4140 26270
4176 -18470
4180 -7716
4160 -17866
4164 45052
4184 -44
4188 19914
4168 726
4172 48568
4208 -17694
4212 -45138
4192 -18674
4196 7802
4216 -1044
4220 48196
4200 88
4204 20180
4240 -18488
4244 -3674
4224 -15332
4228 93810
4248 24
4252 18760
4232 3226
4236 95428
4272 -18220
4276 -27930
4256 -18544
4260 12522
4280 -408
4284 33160
4264 126
4268 22334
4304 -18464
4308 -12474
4288 -18324
4292 27966
4312 -108
4316 22164
4296 306
4300 33454
4336 -14994
4340 -94080
4320 -18946
4324 3860
4344 -4036
4348 94628
4328 120
4332 19262
4368 -18504
4372 -1798
4352 -5376
4356 189602
4376 48
4380 18504
4360 13170
4364 190312
4400 -18330
4404 -22742
4384 -18510
4388 15370
4408 -278
4412 29046
4392 154
4396 24024
4432 -18480
4436 -9964
4416 -18148
4420 34936
4440 -64
4444 20884
4424 470
4428 39418
4464 -17010
4468 -61664
4448 -18762
4452 5764
4472 -1832
4476 63568
4456 98
4460 19566
4496 -18464
4500 -5626
4480 -17168
4484 61458
4504 -2
4508 19204
4488 1396
4492 64008
4528 -18030
4532 -34912
4512 -18586
4516 10032
4536 -620
4540 39080
4520 110
4524 21072
4560 -18470
4564 -15366
4544 -18462
4548 22822
4568 -160
4572 23900
4552 212
4556 29354
4592 -4492
4596 -190024
4576 -19448
4580 2112
4600 -14998
4604 188342
4584 230
4588 19476
4624 -18482
4628 -904
4608 34418
4612 380248
4632 26
4636 18416
4616 52922
4620 380518
4656 -18368
4660 -20578
4640 -18480
4644 16962
4664 -228
4668 27432
4648 168
4652 25056
4688 -18478
4692 -8804
4672 -18014
4676 39476
4696 -46
4700 20364
4680 592
4684 43466
4720 -17452
4724 -52256
4704 -18712
4708 6768
4728 -1338
4732 54764
4712 98
4716 19834
4752 -18478
4756 -4638
4736 -16518
4740 74466
4760 10
4764 18956
4744 2042
4748 76550
4784 -18144
4788 -31136
4768 -18564
4772 11244
4792 -494
4796 35836
4776 120
4780 21658
4816 -18458
4820 -13862
4800 -18390
4804 25214
4824 -136
4828 22962
4808 254
4812 31216
4848 -12242
4852 -126154
4832 -19110
4836 2962
4856 -6936
4860 125790
4840 156
4844 19262
4880 -18508
4884 -2734
4864 -12772
4868 125874
4888 34
4892 18614
4872 5788
4876 127040
4912 -18276
4916 -25168
4896 -18532
4900 13892
4920 -340
4924 30928
4904 132
4908 23120
4944 -18474
4948 -11188
4928 -18258
4932 31172
4952 -90
4956 21482
4936 368
4940 36158
4976 -16288
4980 -74708
4960 -18844
4964 4796
4984 -2644
4988 75972
4968 100
4972 19378
5008 -18436
5012 -6628
4992 -17528
4996 52052
5016 -16
5020 19492
5000 1012
5004 55062
5040 -17886
5044 -39416
5024 -18590
5028 8888
5048 -772
5052 43034
5032 112
5036 20552
5072 -18514
5076 -17044
5056 -18586
5060 20736
5080 -196
5084 25024
5064 166
5068 27834
5104 36506
5108 -380916
5088 -20486
5092 1384
5112 -56652
5116 376024
5096 410
5100 20440
5136 -18462
5140 -480
5120 193594
5124 761160
5144 4
5148 18378
5128 212074
5132 761258
5168 -18336
5172 -19590
5152 -18468
5156 17774
5176 -238
5180 26684
5160 146
5164 25604
5200 -18464
5204 -8250
5184 -17940
5188 42090
5208 -42
5212 20124
5192 650
5196 45842
5232 -17574
5236 -48448
5216 -18686
5220 7280
5240 -1176
5244 51238
5224 88
5228 19982
5264 -18472
5268 -4152
5248 -16008
5252 83056
5272 22
5276 18838
5256 2550
5260 84904
5296 -18182
5300 -29462
5280 -18546
5284 11870
5304 -440
5308 34422
5288 122
5292 21978
5328 -18456
5332 -13146
5312 -18344
5316 26530
5336 -114
5340 22540
5320 280
5324 32272
5360 -13902
5364 -107812
5344 -19018
5348 3404
5368 -5186
5372 107936
5352 134
5356 19242
5392 -18506
5396 -2268
5376 -10162
5380 151380
5400 38
5404 18556
5384 8408
5388 152336
5424 -18298
5428 -23914
5408 -18522
5412 14610
5432 -312
5436 29946
5416 134
5420 23556
5456 -18470
5460 -10564
5440 -18202
5444 32968
5464 -76
5468 21168
5448 416
5452 37698
5488 -16692
5492 -67598
5472 -18796
5476 5274
5496 -2190
5500 69192
5480 100
5484 19454
5520 -18452
5524 -6122
5504 -17364
5508 56402
5528 -10
5532 19346
5512 1186
5516 59186
5552 -17962
5556 -37052
5536 -18582
5540 9452
5560 -696
5564 40942
5544 110
5548 20796
5584 -18480
5588 -16164
5568 -18500
5572 21736
5592 -174
5596 24416
5576 198
5580 28536
5616 6168
5620 -253684
5600 -19788
5604 1736
5624 -25898
5628 250888
5608 310
5612 19772
5648 -18486
5652 -1350
5632 4894
5636 253170
5656 34
5660 18446
5640 23406
5644 253676
5680 -18344
5684 -21636
5664 -18504
5668 16144
5688 -262
5692 28206
5672 150
5676 24524
5712 -18470
5716 -9376
5696 -18090
5700 37088
5720 -56
5724 20604
5704 522
5708 41320
5744 -17242
5748 -56598
5728 -18734
5732 6254
5752 -1574
5756 58804
5736 92
5740 19684
5776 -18472
5780 -5128
5760 -16884
5764 67376
5784 4
5788 19078
5768 1674
5772 69690
5808 -18092
5812 -32938
5792 -18568
5796 10626
5816 -550
5820 37372
5800 114
5804 21350
5840 -18456
5844 -14592
5824 -18424
5828 23968
5848 -148
5852 23406
5832 228
5836 30236
5872 -9500
5876 -151730
5856 -19236
5860 2530
5880 -9828
5884 150810
5864 186
5868 19320
5904 -18514
5908 -3204
5888 -14346
5892 107664
5912 28
5916 18692
5896 4236
5900 109066
5936 -18266
5940 -26528
5920 -18562
5924 13204
5944 -370
5948 32030
5928 126
5932 22742
5968 -18486
5972 -11838
5952 -18314
5956 29526
5976 -106
5980 21826
5960 328
5964 34774
6000 -15748
6004 -83420
5984 -18900
5988 4324
6008 -3246
6012 84330
5992 100
5996 19324
6032 -18426
6036 -7108
6016 -17558
6020 48248
6040 18
6044 19652
6024 970
6028 51462
6064 -17854
6068 -41974
6048 -18562
6052 8362
6072 -788
6076 45344
6056 146
6060 20302
6096 -18638
6100 -18074
6080 -18766
6084 19894
6104 -242
6108 25816
6088 134
6092 27330
6128 198406
6132 -761790
6112 -22730
6116 890
6136 -218856
6140 750696
6120 366
6124 22630
6160 -21306
6164 0
6144 23474
6148 0
6168 24
6172 16756
6152 77800
6156 0
6192 -18384
6196 -21448
6176 -18524
6180 21448
6200 1220
6204 25116
6184 -1302
6188 25314
6224 -20416
6228 -9652
6208 -15964
6212 47044
6232 740
6236 18404
6216 -1166
6220 48704
6256 -15776
6260 -47124
6240 -20636
6244 9732
6264 838
6268 48348
6248 -686
6252 18662
6288 -21028
6292 -4724
6272 -12812
6276 94992
6296 422
6300 17112
6280 1230
6284 96848
6320 -17190
6324 -30490
6304 -19626
6308 15062
6328 1292
6332 32662
6312 -1012
6316 21040
6352 -19532
6356 -15014
6336 -17308
6340 30530
6360 1032
6364 20878
6344 -1400
6348 32944
6384 -7422
6388 -2586
6368 -21506
6372 4894
6392 -7096
6396 3394
6376 -268
6380 17610
6416 -17924
6420 -1470
6400 -11552
6404 24749
6424 -160
6428 18822
6408 11718
6412 -12769
6448 -20942
6452 -22636
6432 -20062
6436 14436
6456 -1842
6460 27648
6440 1436
6444 23404
6480 -19048
6484 -8820
6464 -21720
6468 36624
6488 -1028
6492 20758
6472 2246
6476 36754
6512 -21248
6516 -67122
6496 -18608
6500 4902
6520 -3656
6524 58278
6504 680
6508 19716
6544 -18290
6548 -4740
6528 -21402
6532 66888
6552 -602
6556 19376
6536 3266
6540 58698
6576 -21602
6580 -36596
6560 -19154
6564 8896
6584 -2384
6588 36424
6568 1068
6572 20942
6608 -20034
6612 -14432
6592 -21082
6596 22724
6616 -1448
6620 23278
6600 1784
6604 27956
6640 -11850
6644 -25893
6624 -18952
6628 1842
6648 -12098
6652 -13951
6632 392
6636 19718
6672 -19318
6676 -2636
6656 14689
6660 30535
6680 1044
6684 17840
6664 -11967
6668 -6465
6704 -17858
6708 -20452
6688 -21302
6692 18692
6712 -380
6716 27940
6696 300
6700 22770
6736 -17934
6740 -9986
6720 -18958
6724 44462
6744 664
6748 20490
6728 -970
6732 40030
6768 -19650
6772 -52140
6752 -21114
6756 6088
6776 -3674
6780 54636
6760 928
6764 18432
6800 -18508
6804 -6272
6784 -14616
6788 82076
6808 934
6812 18758
6792 -1782
6796 71838
6832 -18516
6836 -30594
6816 -21408
6820 11630
6840 -1428
6844 36252
6824 670
6828 19810
6864 -17676
6868 -14404
6848 -20648
6852 28476
6872 232
6876 23342
6856 -272
6860 28418
6896 -16438
6900 -7476
6880 -20808
6884 1580
6904 -16256
6908 428
6888 1106
6892 18274
6928 -20198
6932 -1326
6912 -16195
6916 6700
6936 -952
6940 17636
6920 15963
6924 1232
6960 -20528
6964 -28438
6944 -17760
6948 14450
6968 192
6972 28150
6952 -238
6956 23492
6992 -21316
6996 -11578
6976 -18636
6980 30642
7000 -642
7004 19640
6984 1306
6988 36574
7024 -14346
7028 -82342
7008 -18918
7012 6430
7032 1192
7036 71318
7016 -820
7020 19150
7056 -20842
7060 -5940
7040 -19714
7044 51936
7064 -856
7068 18098
7048 3352
7052 54948
7088 -18830
7092 -44408
7072 -18062
7076 10084
7096 790
7100 39628
7080 -602
7084 20666
7120 -21334
7124 -18798
7104 -18094
7108 20626
7128 -318
7132 22738
7112 320
7116 28332
7152 14024
7156 -32838
7136 -21496
7140 3050
7160 11112
7164 -8876
7144 -522
7148 19748
7184 -20182
7188 -1292
7168 34685
7172 -2449
7192 1250
7196 16580
7176 -21889
7180 50537
7216 -17460
7220 -20058
7200 -19192
7204 20650
7224 1378
7228 27528
7208 -1422
7212 22968
7248 -18712
7252 -9696
7232 -15208
7236 45616
7256 1780
7260 19484
7240 -3522
7244 44044
7280 -17902
7284 -46782
7264 -20786
7268 8278
7288 -1518
7292 54002
7272 176
7276 17472
7312 -19522
7316 -5470
7296 -9618
7300 85926
7320 1638
7324 17580
7304 -4676
7308 84694
7344 -17396
7348 -28956
7328 -20192
7332 13900
7352 576
7356 36126
7336 -558
7340 19304
7376 -17998
7380 -14298
7360 -17642
7364 29958
7384 1730
7388 22604
7368 -2390
7372 29882
7408 -14273
7412 406
7392 -21108
7396 3428
7416 -13999
7420 7204
7400 850
7404 17038
7440 -19218
7444 -1422
7424 -21029
7428 18950
7448 -1426
7452 18746
7432 20931
7436 -9394
7472 -21310
7476 -26640
7456 -19398
7460 13800
7480 -1672
7484 26486
7464 1228
7468 24512
7504 -20704
7508 -10420
7488 -21920
7492 33188
7512 -1932
7516 19914
7496 3734
7500 37084
7536 -16930
7540 -77606
7520 -18798
7524 5382
7544 -346
7548 60622
7528 -326
7532 20404
7568 -19906
7572 -5374
7552 -23554
7556 59518
7576 -1750
7580 18888
7560 6442
7564 56080
7600 -20450
7604 -42354
7584 -18778
7588 9002
7608 -1140
7612 35740
7592 390
7596 21884
7632 -21312
7636 -17160
7616 -20548
7620 21016
7640 -1928
7644 22184
7624 2278
7628 29000
7664 6716
7668 -37904
7648 -20142
7652 2312
7672 5758
7676 -21944
7656 -662
7660 20294
7696 -18650
7700 -1940
7680 7109
7684 36492
7704 1032
7708 19126
7688 -6271
7692 -20474
7728 -20386
7732 -20912
7712 -21334
7716 17128
7736 -2340
7740 28684
7720 1916
7724 22302
7760 -18660
7764 -8914
7744 -20584
7748 42394
7768 -348
7772 21710
7752 976
7756 36094
7792 -23444
7796 -59746
7776 -20200
7780 5538
7800 -6784
7804 55686
7784 1812
7788 19222
7824 -18432
7828 -5216
7808 -17156
7812 77360
7832 428
7836 20062
7816 -116
7820 61060
7856 -21800
7860 -33160
7840 -20796
7844 10488
7864 -3850
7868 36760
7848 1960
7852 20092
7888 -19336
7892 -13780
7872 -21444
7876 26700
7896 -1250
7900 24364
7880 1598
7884 26766
7920 -21249
7924 -19904
7904 -20000
7908 1760
7928 -21211
7932 -10378
7912 1578
7916 19468
7952 -20622
7956 -3220
7936 -14037
7940 -1069
7960 -696
7964 16468
7944 13719
7948 7899
7984 -17556
7988 -29956
7968 -18120
7972 14364
7992 2292
7996 29664
7976 -1720
7980 22792
8016 -20120
8020 -13874
8000 -17536
8004 29026
8024 586
8028 19160
8008 -696
8012 36478
8048 -9312
8052 -86272
8032 -19984
8036 5616
8056 3948
8060 84190
8040 -1486
8044 18036
8080 -20536
8084 -8116
8064 -17880
8068 46596
8088 -68
8092 17122
8072 1278
8076 54230
8112 -15106
8116 -45506
8096 -18838
8100 9802
8120 3368
8124 43560
8104 -1684
8108 19642
8144 -19328
8148 -20970
8128 -17912
8132 20350
8152 1362
8156 23204
8136 -1470
8140 28172
8176 33507
8180 -2824
8160 -24440
8164 1458
8184 20323
8188 44948
8168 -634
8172 20926
4112 18
4116 -1
4096 1344265
4100 0
4120 0
4124 -19
4104 1344247
4108 0
4144 17
4148 18
4128 17
4132 -21
4152 1
4156 -26
4136 -1
4140 -27
4176 18
4180 7
4160 16
4164 -49
4184 0
4188 -21
4168 -2
4172 -51
4208 16
4212 47
4192 18
4196 -9
4216 2
4220 -51
4200 0
4204 -21
4240 18
4244 3
4224 15
4228 -113
4248 0
4252 -19
4232 -3
4236 -113
4272 17
4276 28
4256 18
4260 -13
4280 1
4284 -34
4264 0
4268 -23
4304 18
4308 12
4288 17
4292 -30
4312 0
4316 -22
4296 -1
4300 -34
4336 219
4340 3608
4320 18
4324 -5
4344 -201
4348 -3610
4328 0
4332 -19
4368 18
4372 1
4352 3515
4356 -11819
4376 0
4380 -19
4360 3497
4364 -11819
4400 17
4404 22
4384 18
4388 -17
4408 1
4412 -30
4392 0
4396 -25
4432 18
4436 9
4416 17
4420 -37
4440 0
4444 -21
4424 -1
4428 -41
4464 15
4468 67
4448 18
4452 -6
4472 3
4476 -69
4456 0
4460 -20
4496 18
4500 5
4480 15
4484 -68
4504 0
4508 -19
4488 -3
4492 -70
4528 17
4532 35
4512 18
4516 -11
4536 1
4540 -41
4520 0
4524 -21
4560 18
4564 15
4544 17
4548 -24
4568 0
4572 -25
4552 -1
4556 -30
4592 3433
4596 11802
4576 19
4580 -4
4600 -3413
4604 -11800
4584 -1
4588 -20
4624 16
4628 -2
4608 264466
4612 -234879
4632 -2
4636 -18
4616 264446
4620 -234873
4656 18
4660 21
4640 17
4644 -19
4664 0
4668 -29
4648 -1
4652 -27
4688 18
4692 8
4672 16
4676 -43
4696 0
4700 -22
4680 -2
4684 -47
4720 15
4724 56
4704 18
4708 -8
4728 3
4732 -60
4712 0
4716 -20
4752 18
4756 4
4736 14
4740 -86
4760 0
4764 -20
4744 -4
4748 -86
4784 17
4788 31
4768 17
4772 -12
4792 1
4796 -37
4776 -1
4780 -22
4816 18
4820 13
4800 17
4804 -27
4824 0
4828 -23
4808 -1
4812 -33
4848 500
4852 5491
4832 18
4836 -4
4856 -482
4860 -5491
4840 0
4844 -20
4880 18
4884 1
4864 491
4868 -5494
4888 0
4892 -19
4872 473
4876 -5494
4912 17
4916 25
4896 17
4900 -15
4920 1
4924 -33
4904 -1
4908 -23
4944 18
4948 10
4928 16
4932 -33
4952 0
4956 -22
4936 -2
4940 -37
4976 15
4980 84
4960 18
4964 -6
4984 3
4988 -86
4968 0
4972 -20
5008 17
5012 7
4992 16
4996 -54
5016 1
5020 -19
5000 0
5004 -56
5040 13
5044 39
5024 17
5028 -8
5048 5
5052 -43
5032 1
5036 -20
5072 22
5076 16
5056 16
5060 -27
5080 -4
5084 -28
5064 -4
5068 -31
5104 261682
5108 236126
5088 37
5092 -56
5112 -261516
5116 -236080
5096 -53
5100 -38
5136 19
5140 2
5120 -449359
5124 377441
5144 1
5148 -20
5128 -449377
5132 377437
5168 17
5172 21
5152 18
5156 -18
5176 1
5180 -27
5160 0
5164 -26
5200 17
5204 7
5184 16
5188 -44
5208 1
5212 -21
5192 -2
5196 -48
5232 15
5236 50
5216 18
5220 -8
5240 3
5244 -54
5224 0
5228 -20
5264 18
5268 3
5248 15
5252 -97
5272 0
5276 -19
5256 -3
5260 -97
5296 17
5300 30
5280 17
5284 -14
5304 1
5308 -36
5288 -1
5292 -22
5328 18
5332 13
5312 17
5316 -28
5336 0
5340 -23
5320 -1
5324 -34
5360 256
5364 4353
5344 18
5348 -4
5368 -238
5372 -4353
5352 0
5356 -20
5392 18
5396 1
5376 1189
5380 -7490
5400 0
5404 -19
5384 1171
5388 -7490
5424 17
5428 24
5408 17
5412 -16
5432 1
5436 -32
5416 -1
5420 -24
5456 18
5460 10
5440 17
5444 -35
5464 0
5468 -22
5448 -1
5452 -39
5488 14
5492 74
5472 18
5476 -6
5496 4
5500 -76
5480 0
5484 -20
5520 18
5524 6
5504 15
5508 -62
5528 0
5532 -20
5512 -3
5516 -64
5552 16
5556 38
5536 18
5540 -11
5560 2
5564 -42
5544 0
5548 -21
5584 18
5588 15
5568 17
5572 -23
5592 0
5596 -25
5576 -1
5580 -29
5616 15285
5620 26124
5600 20
5604 -6
5624 -15257
5628 -26118
5608 -4
5612 -22
5648 17
5652 0
5632 15497
5636 -26072
5656 -1
5660 -18
5640 15479
5644 -26072
5680 17
5684 21
5664 17
5668 -17
5688 1
5692 -29
5672 -1
5676 -25
5712 18
5716 9
5696 16
5700 -40
5720 0
5724 -21
5704 -2
5708 -44
5744 15
5748 60
5728 18
5732 -8
5752 3
5756 -64
5736 0
5740 -20
5776 18
5780 4
5760 14
5764 -75
5784 0
5788 -20
5768 -4
5772 -77
5808 17
5812 33
5792 18
5796 -12
5816 1
5820 -39
5800 0
5804 -22
5840 18
5844 14
5824 17
5828 -26
5848 0
5852 -24
5832 -1
5836 -32
5872 1161
5876 7471
5856 18
5860 -4
5880 -1141
5884 -7471
5864 0
5868 -20
5904 17
5908 3
5888 350
5892 -4319
5912 1
5916 -19
5896 332
5900 -4319
5936 16
5940 27
5920 18
5924 -14
5944 2
5948 -33
5928 0
5932 -22
5968 17
5972 11
5952 17
5956 -31
5976 1
5980 -21
5960 -1
5964 -35
6000 13
6004 95
5984 18
5988 -5
6008 5
6012 -97
5992 0
5996 -19
6032 19
6036 6
6016 15
6020 -57
6040 -1
6044 -22
6024 -5
6028 -59
6064 21
6068 46
6048 19
6052 -11
6072 -1
6076 -52
6056 -1
6060 -23
6096 9
6100 20
6080 20
6084 -13
6104 9
6108 -22
6088 8
6092 -23
6128 -444366
6132 -379827
6112 -13
6116 91
6136 444130
6140 379755
6120 91
6124 11
6160 4678
6164 -4343
6144 -28223
6148 0
6168 4394
6172 -4623
6152 -37299
6156 0
6192 9062
6196 9088
6176 4685
6180 1493
6200 2
6204 -12658
6184 -4399
6188 -2177
6224 4659
6228 -2758
6208 9168
6212 -22026
6232 4377
6236 -3176
6216 112
6220 -23720
6256 4706
6260 -26
6240 4724
6244 2795
6264 4424
6268 -1450
6248 -4440
6252 -3221
6288 4656
6292 -3492
6272 4663
6276 -1081
6296 4374
6300 -3832
6280 -4367
6284 -1871
6320 9088
6324 13600
6304 4700
6308 2116
6328 -4
6332 -16136
6312 -4416
6316 -2646
6352 4672
6356 -2092
6336 9132
6340 -13620
6360 4390
6364 -2616
6344 44
6348 -16276
6384 9108
6388 46960
6368 4814
6372 3558
6392 176
6396 -47232
6376 -4526
6380 -3910
6416 4648
6420 -3901
6400 7646
6404 -104180
6424 4366
6428 -4207
6408 -1404
6412 -104518
6448 9086
6452 11074
6432 4698
6436 1807
6456 -10
6460 -14124
6440 -4414
6444 -2407
6480 4668
6484 -2419
6464 9146
6468 -17034
6488 4384
6492 -2887
6472 62
6476 -19220
6512 4741
6516 499
6496 4748
6500 3153
6520 4459
6524 -1423
6504 -4462
6508 -3539
6544 4646
6548 -3106
6528 4670
6532 -347
6552 4364
6556 -3482
6536 -4380
6540 -1579
6576 9090
6580 17012
6560 4705
6564 2440
6584 4
6588 -19044
6568 -4421
6572 -2914
6608 4688
6612 -1782
6592 9142
6596 -11116
6616 4404
6620 -2378
6600 32
6604 -14274
6640 4888
6644 3722
6624 4999
6628 4045
6648 4740
6652 -2776
6632 -4705
6636 -4377
6672 4622
6676 -4066
6656 -716
6660 -16490
6680 4342
6684 -4356
6664 -9580
6668 -16480
6704 9102
6708 9976
6688 4692
6692 1632
6712 -60
6716 -13330
6696 -4410
6700 -2272
6736 4658
6740 -2600
6720 9110
6724 -19302
6744 4374
6748 -3042
6728 38
6732 -21222
6768 4721
6772 197
6752 4737
6756 2959
6776 4435
6780 -1441
6760 -4453
6764 -3365
6800 4645
6804 -3294
6784 4671
6788 -664
6808 4363
6812 -3652
6792 -4379
6796 -1668
6832 9092
6836 15168
6816 4699
6820 2275
6840 0
6844 -17460
6824 -4415
6828 -2775
6864 4669
6868 -1930
6848 9136
6852 -12270
6872 4387
6876 -2488
6856 36
6860 -15182
6896 8970
6900 64444
6880 4863
6884 3779
6904 432
6908 -64252
6888 -4575
6892 -4117
6928 4654
6932 -3696
6912 9200
6916 -64298
6936 4370
6940 -4020
6920 140
6924 -64860
6960 9094
6964 12250
6944 4695
6948 1958
6968 -6
6972 -15058
6952 -4411
6956 -2522
6992 4674
6996 -2256
6976 9138
6980 -15198
7000 4390
7004 -2750
6984 46
6988 -17620
7024 4763
7028 860
7008 4775
7012 3353
7032 4481
7036 -1466
7016 -4489
7020 -3721
7056 4610
7060 -2923
7040 4634
7044 -98
7064 4328
7068 -3315
7048 -4350
7052 -1536
7088 9098
7092 19128
7072 4691
7076 2584
7096 -46
7100 -20894
7080 -4409
7084 -3030
7120 4761
7124 -1621
7104 9320
7108 -10170
7128 4475
7132 -2269
7112 76
7116 -13678
7152 -163334
7156 527940
7136 6232
7140 5393
7160 173234
7164 -520298
7144 -5866
7148 -5783
7184 4644
7188 -4245
7168 365690
7172 -183480
7192 4360
7196 -4529
7176 356582
7180 -183512
7216 9076
7220 9526
7200 4693
7204 1575
7224 -12
7228 -13000
7208 -4409
7212 -2235
7248 4656
7252 -2666
7232 9162
7236 -20564
7256 4372
7260 -3096
7240 94
7244 -22390
7280 4716
7284 83
7264 4731
7268 2869
7288 4434
7292 -1441
7272 -4447
7276 -3285
7312 4658
7316 -3398
7296 4680
7300 -856
7320 4376
7324 -3746
7304 -4386
7308 -1750
7344 9092
7348 14352
7328 4704
7332 2190
7352 -8
7356 -16770
7336 -4420
7340 -2704
7376 4670
7380 -2015
7360 9132
7364 -12922
7384 4386
7388 -2557
7368 52
7372 -15712
7408 9084
7412 54338
7392 4828
7396 3664
7416 258
7420 -54378
7400 -4540
7404 -4010
7440 4650
7444 -3800
7424 8912
7428 -79238
7448 4366
7452 -4116
7432 -144
7436 -79696
7472 9082
7476 11632
7456 4697
7460 1884
7480 6
7484 -14570
7464 -4413
7468 -2464
7504 4665
7508 -2335
7488 9138
7492 -16082
7512 4383
7516 -2817
7496 60
7500 -18378
7536 4751
7540 665
7520 4757
7524 3253
7544 4469
7548 -1441
7528 -4471
7532 -3629
7568 4648
7572 -3011
7552 4664
7556 -214
7576 4366
7580 -3397
7560 -4376
7564 -1558
7600 9082
7604 18068
7584 4705
7588 2526
7608 12
7612 -19962
7592 -4423
7596 -2986
7632 4700
7636 -1696
7616 9156
7620 -10588
7640 4416
7644 -2312
7624 28
7628 -13890
7664 4760
7668 5822
7648 5184
7652 4247
7672 5086
7676 -4020
7656 -4886
7660 -4583
7696 4645
7700 -4002
7680 4384
7684 -4837
7704 4363
7708 -4302
7688 -4640
7692 -5045
7728 9086
7732 10526
7712 4699
7716 1721
7736 -14
7740 -13720
7720 -4415
7724 -2339
7760 4664
7764 -2506
7744 9130
7748 -18102
7768 4382
7772 -2960
7752 56
7756 -20160
7792 4732
7796 346
7776 4744
7780 3053
7800 4450
7804 -1422
7784 -4458
7788 -3447
7824 4650
7828 -3207
7808 4669
7812 -494
7832 4368
7836 -3573
7816 -4379
7820 -1616
7856 9092
7860 16060
7840 4700
7844 2358
7864 -8
7868 -18216
7848 -4416
7852 -2846
7888 4682
7892 -1858
7872 9138
7876 -11664
7896 4398
7900 -2434
7880 28
7884 -14704
7920 8610
7924 79448
7904 4913
7908 3903
7928 886
7932 -78950
7912 -4623
7916 -4237
7952 4642
7956 -3597
7936 9214
7940 -54192
7960 4358
7964 -3927
7944 158
7948 -54844
7984 9104
7988 12888
7968 4698
7972 2037
7992 -32
7996 -15576
7976 -4416
7980 -2583
8016 4675
8020 -2169
8000 9118
8004 -14374
8024 4391
8028 -2679
8008 26
8012 -16908
8048 4782
8052 1073
8032 4799
8036 3450
8056 4498
8060 -1523
8040 -4513
8044 -3810
8080 4652
8084 -2808
8064 4658
8068 42
8088 4372
8092 -3216
8072 -4366
8076 -1566
8112 8996
8116 20556
8096 4688
8100 2707
8120 102
8124 -22142
8104 -4404
8108 -3141
8144 4675
8148 -1605
8128 9022
8132 -9710
8152 4383
8156 -2259
8136 -156
8140 -13158
8176 18608
8180 5900
8160 5788
8164 3249
8184 -3776
8188 -5712
8168 -5562
8172 -3611 