8192 4620
8196 0
8200 -5248
8204 0
8208 11916
8212 0
8216 -9344
8220 0
8224 7756
8228 0
8232 -7296
8236 0
8240 17100
8244 0
8248 -11392
8252 0
8256 6060
8260 0
8264 -6272
8268 0
8272 14380
8276 0
8280 -10368
8284 0
8288 9708
8292 0
8296 -8320
8300 0
8304 20076
8308 0
8312 -12416
8316 0
8320 5308
8324 0
8328 -5760
8332 0
8336 13116
8340 0
8344 -9856
8348 0
8352 8700
8356 0
8360 -7808
8364 0
8368 18556
8372 0
8376 -11904
8380 0
8384 6876
8388 0
8392 -6784
8396 0
8400 15708
8404 0
8408 -10880
8412 0
8416 10780
8420 0
8424 -8832
8428 0
8432 21660
8436 0
8440 -12928
8444 0
8448 4956
8452 0
8456 -5504
8460 0
8464 12508
8468 0
8472 -9600
8476 0
8480 8220
8484 0
8488 -7552
8492 0
8496 17820
8500 0
8504 -11648
8508 0
8512 6460
8516 0
8520 -6528
8524 0
8528 15036
8532 0
8536 -10624
8540 0
8544 10236
8548 0
8552 -8576
8556 0
8560 20860
8564 0
8568 -12672
8572 0
8576 5676
8580 0
8584 -6016
8588 0
8592 13740
8596 0
8600 -10112
8604 0
8608 9196
8612 0
8616 -8064
8620 0
8624 19308
8628 0
8632 -12160
8636 0
8640 7308
8644 0
8648 -7040
8652 0
8656 16396
8660 0
8664 -11136
8668 0
8672 11340
8676 0
8680 -9088
8684 0
8688 22476
8692 0
8696 -13184
8700 0
8704 4786
8708 0
8712 -5376
8716 0
8720 12210
8724 0
8728 -9472
8732 0
8736 7986
8740 0
8744 -7424
8748 0
8752 17458
8756 0
8760 -11520
8764 0
8768 6258
8772 0
8776 -6400
8780 0
8784 14706
8788 0
8792 -10496
8796 0
8800 9970
8804 0
8808 -8448
8812 0
8816 20466
8820 0
8824 -12544
8828 0
8832 5490
8836 0
8840 -5888
8844 0
8848 13426
8852 0
8856 -9984
8860 0
8864 8946
8868 0
8872 -7936
8876 0
8880 18930
8884 0
8888 -12032
8892 0
8896 7090
8900 0
8904 -6912
8908 0
8912 16050
8916 0
8920 -11008
8924 0
8928 11058
8932 0
8936 -8960
8940 0
8944 22066
8948 0
8952 -13056
8956 0
8960 5130
8964 0
8968 -5632
8972 0
8976 12810
8980 0
8984 -9728
8988 0
8992 8458
8996 0
9000 -7680
9004 0
9008 18186
9012 0
9016 -11776
9020 0
9024 6666
9028 0
9032 -6656
9036 0
9040 15370
9044 0
9048 -10752
9052 0
9056 10506
9060 0
9064 -8704
9068 0
9072 21258
9076 0
9080 -12800
9084 0
9088 5866
9092 0
9096 -6144
9100 0
9104 14058
9108 0
9112 -10240
9116 0
9120 9450
9124 0
9128 -8192
9132 0
9136 19690
9140 0
9144 -12288
9148 0
9152 7530
9156 0
9160 -7168
9164 0
9168 16746
9172 0
9176 -11264
9180 0
9184 11626
9188 0
9192 -9216
9196 0
9200 22890
9204 0
9208 -13312
9212 0
9216 4702
9220 0
9224 -5312
9228 0
9232 12062
9236 0
9240 -9408
9244 0
9248 7870
9252 0
9256 -7360
9260 0
9264 17278
9268 0
9272 -11456
9276 0
9280 6158
9284 0
9288 -6336
9292 0
9296 14542
9300 0
9304 -10432
9308 0
9312 9838
9316 0
9320 -8384
9324 0
9328 20270
9332 0
9336 -12480
9340 0
9344 5398
9348 0
9352 -5824
9356 0
9360 13270
9364 0
9368 -9920
9372 0
9376 8822
9380 0
9384 -7872
9388 0
9392 18742
9396 0
9400 -11968
9404 0
9408 6982
9412 0
9416 -6848
9420 0
9424 15878
9428 0
9432 -10944
9436 0
9440 10918
9444 0
9448 -8896
9452 0
9456 21862
9460 0
9464 -12992
9468 0
9472 5042
9476 0
9480 -5568
9484 0
9488 12658
9492 0
9496 -9664
9500 0
9504 8338
9508 0
9512 -7616
9516 0
9520 18002
9524 0
9528 -11712
9532 0
9536 6562
9540 0
9544 -6592
9548 0
9552 15202
9556 0
9560 -10688
9564 0
9568 10370
9572 0
9576 -8640
9580 0
9584 21058
9588 0
9592 -12736
9596 0
9600 5770
9604 0
9608 -6080
9612 0
9616 13898
9620 0
9624 -10176
9628 0
9632 9322
9636 0
9640 -8128
9644 0
9648 19498
9652 0
9656 -12224
9660 0
9664 7418
9668 0
9672 -7104
9676 0
9680 16570
9684 0
9688 -11200
9692 0
9696 11482
9700 0
9704 -9152
9708 0
9712 22682
9716 0
9720 -13248
9724 0
9728 4870
9732 0
9736 -5440
9740 0
9744 12358
9748 0
9752 -9536
9756 0
9760 8102
9764 0
9768 -7488
9772 0
9776 17638
9780 0
9784 -11584
9788 0
9792 6358
9796 0
9800 -6464
9804 0
9808 14870
9812 0
9816 -10560
9820 0
9824 10102
9828 0
9832 -8512
9836 0
9840 20662
9844 0
9848 -12608
9852 0
9856 5582
9860 0
9864 -5952
9868 0
9872 13582
9876 0
9880 -10048
9884 0
9888 9070
9892 0
9896 -8000
9900 0
9904 19118
9908 0
9912 -12096
9916 0
9920 7198
9924 0
9928 -6976
9932 0
9936 16222
9940 0
9944 -11072
9948 0
9952 11198
9956 0
9960 -9024
9964 0
9968 22270
9972 0
9976 -13120
9980 0
9984 5218
9988 0
9992 -5696
9996 0
10000 12962
10004 0
10008 -9792
10012 0
10016 8578
10020 0
10024 -7744
10028 0
10032 18370
10036 0
10040 -11840
10044 0
10048 6770
10052 0
10056 -6720
10060 0
10064 15538
10068 0
10072 -10816
10076 0
10080 10642
10084 0
10088 -8768
10092 0
10096 21458
10100 0
10104 -12864
10108 0
10112 5962
10116 0
10120 -6208
10124 0
10128 14218
10132 0
10136 -10304
10140 0
10144 9578
10148 0
10152 -8256
10156 0
10160 19882
10164 0
10168 -12352
10172 0
10176 7642
10180 0
10184 -7232
10188 0
10192 16922
10196 0
10200 -11328
10204 0
10208 11770
10212 0
10216 -9280
10220 0
10224 23098
10228 0
10232 -13376
10236 0
10240 4394
10244 0
10248 -5036
10252 0
10256 11602
10260 0
10264 -8816
10268 0
10272 7480
10276 0
10280 -6946
10284 0
10288 17798
10292 0
10296 -12372
10300 0
10304 5808
10308 0
10312 -5996
10316 0
10320 14050
10324 0
10328 -9736
10332 0
10336 9412
10340 0
10344 -7886
10348 0
10352 20845
10356 0
10360 -13541
10364 0
10368 5069
10372 0
10376 -5517
10380 0
10384 12793
10388 0
10392 -9277
10396 0
10400 8414
10404 0
10408 -7418
10412 0
10416 19289
10420 0
10424 -12955
10428 0
10432 6612
10436 0
10440 -6472
10444 0
10448 15371
10452 0
10456 -10191
10460 0
10464 10474
10468 0
10472 -8352
10476 0
10480 22466
10484 0
10488 -14130
10492 0
10496 4723
10500 0
10504 -5277
10508 0
10512 12189
10516 0
10520 -9047
10524 0
10528 7940
10532 0
10536 -7182
10540 0
10544 18535
10548 0
10552 -12663
10556 0
10560 6202
10564 0
10568 -6234
10572 0
10576 14702
10580 0
10584 -9964
10588 0
10592 9935
10596 0
10600 -8119
10604 0
10608 21647
10612 0
10616 -13835
10620 0
10624 5430
10628 0
10632 -5756
10636 0
10640 13414
10644 0
10648 -9506
10652 0
10656 8904
10660 0
10664 -7652
10668 0
10672 20059
10676 0
10680 -13249
10684 0
10688 7038
10692 0
10696 -6710
10700 0
10704 16056
10708 0
10712 -10418
10716 0
10720 11030
10724 0
10728 -8584
10732 0
10736 23300
10740 0
10744 -14426
10748 0
10752 4556
10756 0
10760 -5156
10764 0
10768 11893
10772 0
10776 -8931
10780 0
10784 7708
10788 0
10792 -7064
10796 0
10800 18164
10804 0
10808 -12518
10812 0
10816 6003
10820 0
10824 -6115
10828 0
10832 14374
10836 0
10840 -9850
10844 0
10848 9671
10852 0
10856 -8003
10860 0
10864 21244
10868 0
10872 -13688
10876 0
10880 5247
10884 0
10888 -5637
10892 0
10896 13102
10900 0
10904 -9392
10908 0
10912 8657
10916 0
10920 -7535
10924 0
10928 19672
10932 0
10936 -13102
10940 0
10944 6823
10948 0
10952 -6591
10956 0
10960 15711
10964 0
10968 -10305
10972 0
10976 10750
10980 0
10984 -8468
10988 0
10992 22880
10996 0
11000 -14278
11004 0
11008 4894
11012 0
11016 -5396
11020 0
11024 12490
11028 0
11032 -9162
11036 0
11040 8174
11044 0
11048 -7300
11052 0
11056 18910
11060 0
11064 -12810
11068 0
11072 6405
11076 0
11080 -6353
11084 0
11088 15035
11092 0
11096 -10077
11100 0
11104 10202
11108 0
11112 -8236
11116 0
11120 22055
11124 0
11128 -13983
11132 0
11136 5617
11140 0
11144 -5877
11148 0
11152 13729
11156 0
11160 -9621
11164 0
11168 9157
11172 0
11176 -7769
11180 0
11184 20449
11188 0
11192 -13395
11196 0
11200 7258
11204 0
11208 -6828
11212 0
11216 17767
11220 0
11224 -11895
11228 0
11232 11314
11236 0
11240 -8700
11244 0
11248 23723
11252 0
11256 -14573
11260 0
11264 5030
11268 0
11272 -5640
11276 0
11280 12630
11284 0
11288 -10136
11292 0
11296 8313
11300 0
11304 -7867
11308 0
11312 16935
11316 0
11320 -10701
11324 0
11328 6542
11332 0
11336 -6748
11340 0
11344 15176
11348 0
11352 -11286
11356 0
11360 10342
11364 0
11368 -8996
11372 0
11376 19917
11380 0
11384 -11599
11388 0
11392 5753
11396 0
11400 -6193
11404 0
11408 13871
11412 0
11416 -10709
11420 0
11424 9295
11428 0
11432 -8431
11436 0
11440 18394
11444 0
11448 -11152
11452 0
11456 7395
11460 0
11464 -7307
11468 0
11472 16546
11476 0
11480 -11864
11484 0
11488 11453
11492 0
11496 -9565
11500 0
11504 21505
11508 0
11512 -12045
11516 0
11520 5384
11524 0
11528 -5916
11532 0
11536 13242
11540 0
11544 -10422
11548 0
11552 8795
11556 0
11560 -8149
11564 0
11568 17656
11572 0
11576 -10926
11580 0
11584 6961
11588 0
11592 -7027
11596 0
11600 15853
11604 0
11608 -11575
11612 0
11616 10890
11620 0
11624 -9280
11628 0
11632 20703
11636 0
11640 -11823
11644 0
11648 6140
11652 0
11656 -6470
11660 0
11664 14515
11668 0
11672 -10997
11676 0
11680 9811
11684 0
11688 -8713
11692 0
11696 19147
11700 0
11704 -11375
11708 0
11712 7845
11716 0
11720 -7587
11724 0
11728 17256
11732 0
11736 -12154
11740 0
11744 12034
11748 0
11752 -9850
11756 0
11760 22323
11764 0
11768 -12267
11772 0
11776 5204
11780 0
11784 -5778
11788 0
11792 12933
11796 0
11800 -10279
11804 0
11808 8552
11812 0
11816 -8008
11820 0
11824 17294
11828 0
11832 -10814
11836 0
11840 6749
11844 0
11848 -6887
11852 0
11856 15512
11860 0
11864 -11430
11868 0
11872 10614
11876 0
11880 -9138
11884 0
11888 20307
11892 0
11896 -11711
11900 0
11904 5944
11908 0
11912 -6332
11916 0
11920 14191
11924 0
11928 -10853
11932 0
11936 9550
11940 0
11944 -8572
11948 0
11952 18768
11956 0
11960 -11264
11964 0
11968 7618
11972 0
11976 -7446
11980 0
11984 16899
11988 0
11992 -12009
11996 0
12000 11741
12004 0
12008 -9707
12012 0
12016 21912
12020 0
12024 -12156
12028 0
12032 5566
12036 0
12040 -6054
12044 0
12048 13554
12052 0
12056 -10566
12060 0
12064 9043
12068 0
12072 -8289
12076 0
12080 18023
12084 0
12088 -11039
12092 0
12096 7175
12100 0
12104 -7167
12108 0
12112 16197
12116 0
12120 -11719
12124 0
12128 11169
12132 0
12136 -9423
12140 0
12144 21102
12148 0
12152 -11934
12156 0
12160 6339
12164 0
12168 -6609
12172 0
12176 14843
12180 0
12184 -11141
12188 0
12192 10074
12196 0
12200 -8854
12204 0
12208 19530
12212 0
12216 -11488
12220 0
12224 8077
12228 0
12232 -7727
12236 0
12240 16580
12244 0
12248 -10588
12252 0
12256 12329
12260 0
12264 -9993
12268 0
12272 22737
12276 0
12280 -12377
12284 0
8192 14970
8196 0
8200 -6486
8204 0
8208 6417
8212 0
8216 -6233
8220 0
8224 14062
8228 0
8232 -9124
8236 0
8240 6836
8244 0
8248 1168
8252 0
8256 16204
8260 0
8264 -8214
8268 0
8272 5120
8276 0
8280 -2724
8284 0
8288 10044
8292 0
8296 -8516
8300 0
8304 10632
8308 0
8312 4596
8316 0
8320 16049
8324 0
8328 -7395
8332 0
8336 5398
8340 0
8344 -4584
8348 0
8352 12151
8356 0
8360 -9035
8364 0
8368 8589
8372 0
8376 2981
8380 0
8384 15491
8388 0
8392 -8825
8396 0
8400 5624
8404 0
8408 -768
8412 0
8416 8039
8420 0
8424 -7569
8428 0
8432 12663
8436 0
8440 5967
8444 0
8448 15624
8452 0
8456 -6944
8460 0
8464 5820
8468 0
8472 -5442
8476 0
8480 13150
8484 0
8488 -9132
8492 0
8496 7659
8500 0
8504 2095
8508 0
8512 15949
8516 0
8520 -8553
8524 0
8528 5276
8532 0
8536 -1750
8540 0
8544 9011
8548 0
8552 -8095
8556 0
8560 11669
8564 0
8568 5313
8572 0
8576 16241
8580 0
8584 -7823
8588 0
8592 5161
8596 0
8600 -3673
8604 0
8608 11104
8612 0
8616 -8830
8620 0
8624 9593
8628 0
8632 3817
8636 0
8640 14853
8644 0
8648 -9019
8652 0
8656 6150
8660 0
8664 210
8668 0
8672 7165
8676 0
8680 -6945
8684 0
8688 13575
8692 0
8696 6559
8700 0
8704 15325
8708 0
8712 -6715
8716 0
8720 6098
8724 0
8728 -5846
8732 0
8736 13619
8740 0
8744 -9141
8748 0
8752 7232
8756 0
8760 1636
8764 0
8768 16103
8772 0
8776 -8391
8780 0
8784 5174
8788 0
8792 -2240
8796 0
8800 9522
8804 0
8808 -8318
8812 0
8816 11154
8820 0
8824 4962
8828 0
8832 16174
8836 0
8840 -7612
8844 0
8848 5255
8852 0
8856 -4135
8860 0
8864 11632
8868 0
8872 -8946
8876 0
8880 9084
8884 0
8888 3406
8892 0
8896 15193
8900 0
8904 -8933
8908 0
8912 5865
8916 0
8920 -277
8924 0
8928 7588
8932 0
8936 -7268
8940 0
8944 13132
8948 0
8952 6270
8956 0
8960 15865
8964 0
8968 -7171
8972 0
8976 5586
8980 0
8984 -5020
8988 0
8992 12659
8996 0
9000 -9097
9004 0
9008 8113
9012 0
9016 2545
9020 0
9024 15744
9028 0
9032 -8698
9036 0
9040 5427
9044 0
9048 -1259
9052 0
9056 8515
9060 0
9064 -7845
9068 0
9072 12174
9076 0
9080 5648
9084 0
9088 16250
9092 0
9096 -8024
9100 0
9104 5116
9108 0
9112 -3202
9116 0
9120 10573
9124 0
9128 -8687
9132 0
9136 10110
9140 0
9144 4214
9148 0
9152 14475
9156 0
9160 -9083
9164 0
9168 6474
9172 0
9176 692
9180 0
9184 6773
9188 0
9192 -6599
9196 0
9200 13988
9204 0
9208 6832
9212 0
9216 15155
9220 0
9224 -6601
9228 0
9232 6252
9236 0
9240 -6042
9244 0
9248 13844
9252 0
9256 -9136
9260 0
9264 7030
9268 0
9272 1404
9276 0
9280 16160
9284 0
9288 -8304
9292 0
9296 5141
9300 0
9304 -2483
9308 0
9312 9782
9316 0
9320 -8420
9324 0
9328 10893
9332 0
9336 4781
9340 0
9344 16119
9348 0
9352 -7505
9356 0
9360 5320
9364 0
9368 -4360
9372 0
9376 11893
9380 0
9384 -8993
9388 0
9392 8834
9396 0
9400 3196
9404 0
9408 15347
9412 0
9416 -8881
9420 0
9424 5739
9428 0
9432 -523
9436 0
9440 7810
9444 0
9448 -7422
9452 0
9456 12901
9460 0
9464 6121
9468 0
9472 15752
9476 0
9480 -7058
9484 0
9488 5697
9492 0
9496 -5233
9500 0
9504 12907
9508 0
9512 -9117
9516 0
9520 7883
9524 0
9528 2321
9532 0
9536 15853
9540 0
9544 -8627
9548 0
9552 5345
9556 0
9560 -1505
9564 0
9568 8761
9572 0
9576 -7973
9580 0
9584 11923
9588 0
9592 5483
9596 0
9600 16253
9604 0
9608 -7925
9612 0
9616 5133
9620 0
9624 -3439
9628 0
9632 10838
9636 0
9640 -8762
9644 0
9648 9850
9652 0
9656 4018
9660 0
9664 14668
9668 0
9672 -9054
9676 0
9680 6307
9684 0
9688 451
9692 0
9696 6965
9700 0
9704 -6775
9708 0
9712 13785
9716 0
9720 6697
9724 0
9728 15482
9732 0
9736 -6830
9740 0
9744 5954
9748 0
9752 -5646
9756 0
9760 13387
9764 0
9768 -9139
9772 0
9776 7442
9780 0
9784 1868
9788 0
9792 16032
9796 0
9800 -8474
9804 0
9808 5219
9812 0
9816 -1995
9820 0
9824 9264
9828 0
9832 -8210
9836 0
9840 11412
9844 0
9848 5140
9852 0
9856 16215
9860 0
9864 -7719
9868 0
9872 5202
9876 0
9880 -3906
9884 0
9888 11368
9892 0
9896 -8892
9900 0
9904 9337
9908 0
9912 3613
9916 0
9920 15028
9924 0
9928 -8978
9932 0
9936 6002
9940 0
9944 -34
9948 0
9952 7372
9956 0
9960 -7110
9964 0
9968 13357
9972 0
9976 6417
9980 0
9984 15964
9988 0
9992 -7284
9996 0
10000 5486
10004 0
10008 -4804
10012 0
10016 12407
10020 0
10024 -9069
10028 0
10032 8348
10036 0
10040 2764
10044 0
10048 15623
10052 0
10056 -8763
10060 0
10064 5519
10068 0
10072 -1013
10076 0
10080 8274
10084 0
10088 -7710
10092 0
10096 12421
10100 0
10104 5809
10108 0
10112 16234
10116 0
10120 -8120
10124 0
10128 5112
10132 0
10136 -2964
10140 0
10144 10308
10148 0
10152 -8604
10156 0
10160 10371
10164 0
10168 4407
10172 0
10176 14272
10180 0
10184 -9106
10188 0
10192 6651
10196 0
10200 931
10204 0
10208 6591
10212 0
10216 -6419
10220 0
10224 14181
10228 0
10232 6963
10236 0
10240 -6339
10244 0
10248 9991
10252 0
10256 -5600
10260 0
10264 1150
10268 0
10272 -616
10276 0
10280 6836
10284 0
10288 -15787
10292 0
10296 -1245
10300 0
10304 -2698
10308 0
10312 9104
10316 0
10320 -11120
10324 0
10328 -628
10332 0
10336 -1587
10340 0
10344 3879
10348 0
10352 -17506
10356 0
10360 -1084
10364 0
10368 -4461
10372 0
10376 9745
10380 0
10384 -8312
10388 0
10392 114
10396 0
10400 -682
10404 0
10408 5386
10412 0
10416 -17106
10420 0
10424 -1218
10428 0
10432 -1339
10436 0
10440 8109
10444 0
10448 -13710
10452 0
10456 -1070
10460 0
10464 -3280
10468 0
10472 2432
10476 0
10480 -16922
10484 0
10488 -950
10492 0
10496 -5404
10500 0
10504 9918
10508 0
10512 -6925
10516 0
10520 597
10524 0
10528 -544
10532 0
10536 6126
10540 0
10544 -16553
10548 0
10552 -1251
10556 0
10560 -1951
10564 0
10568 8647
10572 0
10576 -12461
10580 0
10584 -885
10588 0
10592 -2343
10596 0
10600 3141
10604 0
10608 -17336
10612 0
10616 -1010
10620 0
10624 -3546
10628 0
10632 9472
10636 0
10640 -9723
10644 0
10648 -295
10652 0
10656 -1031
10660 0
10664 4633
10668 0
10672 -17428
10676 0
10680 -1158
10684 0
10688 -886
10692 0
10696 7502
10700 0
10704 -14830
10708 0
10712 -1188
10716 0
10720 -4375
10724 0
10728 1765
10732 0
10736 -16274
10740 0
10744 -918
10748 0
10752 -5875
10756 0
10760 9967
10764 0
10768 -6253
10772 0
10776 865
10780 0
10784 -555
10788 0
10792 6485
10796 0
10800 -16196
10804 0
10808 -1254
10812 0
10816 -2310
10820 0
10824 8886
10828 0
10832 -11800
10836 0
10840 -766
10844 0
10848 -1941
10852 0
10856 3507
10860 0
10864 -17452
10868 0
10872 -1046
10876 0
10880 -3997
10884 0
10888 9621
10892 0
10896 -9017
10900 0
10904 -99
10908 0
10912 -830
10916 0
10920 5010
10924 0
10928 -17296
10932 0
10936 -1190
10940 0
10944 -1091
10948 0
10952 7813
10956 0
10960 -14288
10964 0
10968 -1136
10972 0
10976 -3809
10980 0
10984 2091
10988 0
10992 -16627
10996 0
11000 -929
11004 0
11008 -4931
11012 0
11016 9845
11020 0
11024 -7613
11028 0
11032 347
11036 0
11040 -587
11044 0
11048 5759
11052 0
11056 -16858
11060 0
11064 -1238
11068 0
11072 -1627
11076 0
11080 8387
11084 0
11088 -13099
11092 0
11096 -987
11100 0
11104 -2790
11108 0
11112 2782
11116 0
11120 -17160
11124 0
11128 -978
11132 0
11136 -3112
11140 0
11144 9300
11148 0
11152 -10425
11156 0
11160 -471
11164 0
11168 -1284
11172 0
11176 4254
11180 0
11184 -17497
11188 0
11192 -1121
11196 0
11200 -727
11204 0
11208 7175
11212 0
11216 -15331
11220 0
11224 -1223
11228 0
11232 -4974
11236 0
11240 1450
11244 0
11248 -15866
11252 0
11256 -916
11260 0
11264 -6108
11268 0
11272 9982
11276 0
11280 -5924
11284 0
11288 1006
11292 0
11296 -579
11300 0
11304 6661
11308 0
11312 -15997
11316 0
11320 -1251
11324 0
11328 -2500
11332 0
11336 8998
11340 0
11344 -11462
11348 0
11352 -700
11356 0
11360 -1759
11364 0
11368 3693
11372 0
11376 -17487
11380 0
11384 -1065
11388 0
11392 -4228
11396 0
11400 9686
11404 0
11408 -8664
11412 0
11416 6
11420 0
11424 -749
11428 0
11432 5199
11436 0
11440 -17209
11444 0
11448 -1205
11452 0
11456 -1209
11460 0
11464 7963
11468 0
11472 -14004
11476 0
11480 -1106
11484 0
11488 -3540
11492 0
11496 2260
11500 0
11504 -16783
11508 0
11512 -939
11516 0
11520 -5167
11524 0
11528 9885
11532 0
11536 -7268
11540 0
11544 470
11548 0
11552 -559
11556 0
11560 5943
11564 0
11568 -16712
11572 0
11576 -1246
11580 0
11584 -1785
11588 0
11592 8519
11596 0
11600 -12784
11604 0
11608 -938
11612 0
11616 -2561
11620 0
11624 2961
11628 0
11632 -17256
11636 0
11640 -994
11644 0
11648 -3327
11652 0
11656 9389
11660 0
11664 -10075
11668 0
11672 -385
11676 0
11680 -1151
11684 0
11688 4443
11692 0
11696 -17470
11700 0
11704 -1140
11708 0
11712 -800
11716 0
11720 7340
11724 0
11728 -15085
11732 0
11736 -1207
11740 0
11744 -4670
11748 0
11752 1606
11756 0
11760 -16077
11764 0
11768 -915
11772 0
11776 -5640
11780 0
11784 9946
11788 0
11792 -6587
11796 0
11800 729
11804 0
11808 -543
11812 0
11816 6307
11820 0
11824 -16381
11828 0
11832 -1253
11836 0
11840 -2127
11844 0
11848 8769
11852 0
11856 -12134
11860 0
11864 -828
11868 0
11872 -2137
11876 0
11880 3323
11884 0
11888 -17402
11892 0
11896 -1028
11900 0
11904 -3770
11908 0
11912 9550
11916 0
11920 -9370
11924 0
11928 -200
11932 0
11936 -924
11940 0
11944 4822
11948 0
11952 -17369
11956 0
11960 -1175
11964 0
11968 -983
11972 0
11976 7659
11980 0
11984 -14564
11988 0
11992 -1164
11996 0
12000 -4088
12004 0
12008 1926
12012 0
12016 -16457
12020 0
12024 -923
12028 0
12032 -4695
12036 0
12040 9797
12044 0
12048 -7961
12052 0
12056 229
12060 0
12064 -627
12068 0
12072 5573
12076 0
12080 -16989
12084 0
12088 -1229
12092 0
12096 -1478
12100 0
12104 8250
12108 0
12112 -13409
12116 0
12120 -1031
12124 0
12128 -3030
12132 0
12136 2606
12140 0
12144 -17049
12148 0
12152 -963
12156 0
12160 -2901
12164 0
12168 9205
12172 0
12176 -10774
12180 0
12184 -552
12188 0
12192 -1430
12196 0
12200 4066
12204 0
12208 -17509
12212 0
12216 -1103
12220 0
12224 -665
12228 0
12232 7007
12236 0
12240 -15564
12244 0
12248 -1236
12252 0
12256 -5284
12260 0
12264 1298
12268 0
12272 -15641
12276 0
12280 -919
12284 0 