4096 1603264
4100 0
5120 -9280
5124 0
4608 -9267
4612 9239
5632 -9293
5636 -9239
4352 -9171
4356 22479
5376 -9321
5380 -3791
4864 -9301
4868 3688
5888 -9071
5892 -22376
4224 -8570
4228 46810
5248 -9296
5252 -1758
4736 -9257
4740 6099
5760 -9213
5764 -13815
4480 -9293
4484 13991
5504 -9381
5508 -6189
4992 -9369
4996 1529
6016 -8325
6020 -46667
4160 -6053
4164 94619
5184 -9279
5188 -809
4672 -9232
4676 7543
5696 -9256
5700 -11217
4416 -9209
4420 17428
5440 -9335
5444 -4906
4928 -9314
4932 2615
5952 -8906
5956 -30545
4288 -9009
4292 30710
5312 -9315
5316 -2744
4800 -9286
4804 4845
5824 -9178
5828 -17319
4544 -9413
4548 11561
5568 -9533
5572 -7701
5056 -9515
5060 274
6080 -5479
6084 -94354
4128 3897
4132 189957
5152 -9273
5156 -355
4640 -9228
4644 8353
5664 -9276
5668 -10151
4384 -9178
4388 19697
5408 -9332
5412 -4327
4896 -9304
4900 3152
5920 -9026
5924 -25894
4256 -8839
4260 37177
5280 -9309
5284 -2241
4768 -9272
4772 5460
5792 -9208
5796 -15424
4512 -9332
4516 12665
5536 -9430
5540 -6901
5024 -9421
5028 952
6048 -7589
6052 -62616
4192 -7886
4196 62733
5216 -9282
5220 -1275
4704 -9233
4708 6789
5728 -9231
5732 -12415
4448 -9238
4452 15552
5472 -9348
5476 -5520
4960 -9325
4964 2084
5984 -8705
5988 -36996
4320 -9125
4324 26088
5344 -9337
5348 -3266
4832 -9315
4836 4267
5856 -9155
5860 -19633
4576 -9609
4580 10794
5600 -9839
5604 -8682
5088 -9745
5092 -841
6112 5253
6116 -189183
4112 43670
4116 380383
5136 -9252
5140 -135
4624 -9228
4628 8756
5648 -9254
5652 -9660
4368 -9156
4372 21009
5392 -9324
5396 -4047
4880 -9298
4884 3427
5904 -9070
5908 -24005
4240 -8711
4244 41471
5264 -9303
5268 -1995
4752 -9262
4756 5780
5776 -9216
5780 -14584
4496 -9307
4500 13301
5520 -9405
5524 -6533
5008 -9395
5012 1254
6032 -8057
6036 -53510
4176 -7238
4180 75508
5200 -9280
5204 -1042
4688 -9234
4692 7159
5712 -9244
5716 -11797
4432 -9222
4436 16451
5456 -9342
5460 -5207
4944 -9319
4948 2350
5968 -8825
5972 -33486
4304 -9068
4308 28215
5328 -9322
5332 -3001
4816 -9297
4820 4550
5840 -9161
5844 -18412
4560 -9477
4564 11112
5584 -9633
5588 -8150
5072 -9589
5076 -182
6096 -2653
6100 -125972
4144 -3492
4148 126457
5168 -9280
5172 -583
4656 -9237
4660 7940
5680 -9271
5684 -10674
4400 -9200
4404 18506
5424 -9332
5428 -4614
4912 -9308
4916 2880
5936 -8968
5940 -28048
4272 -8945
4276 33665
5296 -9313
5300 -2493
4784 -9282
4788 5147
5808 -9192
5812 -16335
4528 -9372
4532 12087
5552 -9472
5556 -7291
5040 -9466
5044 632
6064 -6822
6068 -75340
4208 -8258
4212 53557
5232 -9270
5236 -1505
4720 -9226
4724 6432
5744 -9210
5748 -13060
4464 -9239
4468 14720
5488 -9351
5492 -5832
4976 -9329
4980 1809
6000 -8557
6004 -41225
4336 -9210
4340 24285
5360 -9376
5364 -3549
4848 -9355
4852 3990
5872 -9159
5876 -21034
4592 -10038
4596 10912
5616 -10448
5620 -9528
5104 -10073
5108 -2446
6128 46579
6132 -378470
4104 202834
4108 761209
5128 -9240
5132 -49
4616 -9229
4620 8949
5640 -9233
5644 -9429
4360 -9161
4364 21689
5384 -9307
5388 -3915
4872 -9287
4876 3547
5896 -9049
5900 -23137
4232 -8645
4236 43966
5256 -9295
5260 -1876
4744 -9253
4748 5937
5768 -9211
5772 -14187
4488 -9299
4492 13631
5512 -9387
5516 -6351
5000 -9375
5004 1395
6024 -8199
6028 -49843
4168 -6729
4172 83980
5192 -9279
5196 -924
4680 -9225
4684 7343
5704 -9247
5708 -11495
4424 -9212
4428 16924
5448 -9334
5452 -5054
4936 -9311
4940 2480
5960 -8871
5964 -31942
4296 -9032
4300 29401
5320 -9312
5324 -2871
4808 -9285
4812 4697
5832 -9171
5836 -17843
4552 -9442
4556 11323
5576 -9576
5580 -7919
5064 -9544
5068 62
6088 -4358
6092 -107874
4136 -877
4140 151858
5160 -9285
5164 -478
4648 -9234
4652 8144
5672 -9272
5676 -10412
4392 -9194
4396 19083
5416 -9328
5420 -4473
4904 -9305
4908 3016
5928 -8993
5932 -26930
4264 -8893
4268 35333
5288 -9309
5292 -2365
4776 -9273
4780 5302
5800 -9197
5804 -15866
4520 -9348
4524 12364
5544 -9448
5548 -7090
5032 -9441
5036 797
6056 -7251
6060 -68395
4200 -8089
4204 57794
5224 -9275
5228 -1392
4712 -9231
4716 6612
5736 -9221
5740 -12734
4456 -9236
4460 15124
5480 -9346
5484 -5672
4968 -9329
4972 1945
5992 -8633
5996 -38997
4328 -9151
4332 25136
5352 -9349
5356 -3400
4840 -9327
4844 4126
5864 -9153
5868 -20290
4584 -9739
4588 10754
5608 -10049
5612 -9018
5096 -9865
5100 -1398
6120 16033
6124 -252286
4120 14150
4124 253423
5144 -9256
5148 -253
4632 -9226
4636 8548
5656 -9260
5660 -9898
4376 -9177
4380 20334
5400 -9327
5404 -4190
4888 -9303
4892 3285
5912 -9041
5916 -24921
4248 -8784
4252 39204
5272 -9306
5276 -2116
4760 -9263
4764 5614
5784 -9207
5788 -14990
4504 -9321
4508 12969
5528 -9413
5532 -6715
5016 -9408
5020 1103
6040 -7834
6044 -57701
4184 -7605
4188 68533
5208 -9279
5212 -1157
4696 -9234
4700 6975
5720 -9238
5724 -12103
4440 -9227
4444 15988
5464 -9341
5468 -5362
4952 -9321
4956 2217
5976 -8771
5980 -35155
4312 -9098
4316 27102
5336 -9326
5340 -3134
4824 -9302
4828 4407
5848 -9154
5852 -18999
4568 -9525
4572 10925
5592 -9711
5596 -8395
5080 -9664
5084 -460
6104 164
6108 -151270
4152 -5055
4156 108365
5176 -9291
5180 -701
4664 -9243
4668 7744
5688 -9271
5692 -10948
4408 -9218
4412 17973
5432 -9344
5436 -4769
4920 -9318
4924 2751
5944 -8948
5948 -29279
4280 -8993
4284 32150
5304 -9321
5308 -2624
4792 -9296
4796 4994
5816 -9190
5820 -16832
4536 -9400
4540 11824
5560 -9500
5564 -7500
5048 -9497
5052 455
6072 -6251
6076 -83875
4216 -8294
4220 49855
5240 -9264
5244 -1607
4728 -9204
4732 6272
5752 -9222
5756 -13380
4472 -9208
4476 14332
5496 -9354
5500 -5970
4984 -9321
4988 1685
6008 -8533
6012 -43659
4344 -9316
4348 23612
5368 -9450
5372 -3718
4856 -9440
4860 3871
5880 -9198
5884 -21945
4600 -11182
4604 11760
5624 -11548
5628 -10870
5112 -10225
5116 -5547
6136 208631
6140 -756243
6144 50637
6148 0
7168 -27163
7172 0
6656 -10641
6660 8378
7680 -10665
7684 -8378
6400 -9913
6404 23381
7424 -8611
7428 -1933
6912 -8582
6916 1834
7936 -9802
7940 -23282
6272 -8565
6276 47874
7296 -7399
7300 -830
6784 -9838
6788 4376
7808 -10578
7812 -14028
6528 -10661
6532 14197
7552 -9975
7556 -4465
7040 -7469
7044 612
8064 -8307
8068 -47736
6208 -5791
6212 95920
7232 -7021
7236 -928
6720 -10303
6724 6194
7744 -10725
7748 -10918
6464 -10319
6468 18051
7488 -9307
7492 -2989
6976 -7949
6980 1086
8000 -9241
8004 -31576
6336 -9354
6340 31737
7360 -7954
7364 -1207
6848 -9250
6852 2932
7872 -10282
7876 -17946
6592 -10887
6596 11252
7616 -10619
7620 -6358
7104 -7259
7108 404
8128 -163
8132 -2990
6176 83
6180 5990
7200 -11635
7204 18759
6688 -9042
6692 8676
7712 -8882
7716 -10146
6432 -9313
6436 18920
7456 -10749
7460 -4484
6944 -11392
6948 2506
7968 -9550
7972 -25142
6304 -9737
6308 36689
7328 -11983
7332 -65
6816 -10038
6820 5969
7840 -9010
7844 -14789
6560 -8964
6564 12309
7584 -9644
7588 -7407
7072 -12452
7076 -4422
8096 -8796
8100 -62700
6240 -9068
6244 62793
7264 -12334
7268 4095
6752 -9446
6756 7318
7776 -8844
7780 -12058
6496 -9043
6500 14919
7520 -10111
7524 -6023
7008 -11993
7012 -86
8032 -9609
8036 -36510
6368 -9649
6372 25340
7392 -11433
7396 -2616
6880 -10741
6884 4423
7904 -9293
7908 -18855
6624 -9280
6628 10780
7648 -9672
7652 -8938
7136 -11974
7140 -19922
8160 124
8164 -5971
6160 1361
6164 12035
7184 13328
7188 18500
6672 -9137
6676 7602
7696 -10181
7700 -10238
6416 -10501
6420 20731
7440 -10801
7444 -2039
6928 -9119
6932 3744
7952 -8739
7956 -24196
6288 -9964
6292 42246
7312 -8994
7316 2216
6800 -8635
6804 5252
7824 -9299
7828 -15238
6544 -10093
6548 12260
7568 -11021
7572 -6172
7056 -11662
7060 1248
8080 -7988
8084 -53388
6224 -8199
6228 76957
7248 -6417
7252 5119
6736 -8787
6740 6243
7760 -9721
7764 -12515
6480 -10369
6484 15720
7504 -11039
7508 -4090
6992 -9972
6996 2829
8016 -8544
8020 -33423
6352 -10460
6356 28447
7376 -10188
7380 29
6864 -8722
6868 4469
7888 -8954
7892 -18873
6608 -9851
6612 9927
7632 -10957
7636 -8347
7120 -16347
7124 -3524
8144 -91
8148 -3952
6192 -116
6196 3966
7216 -16079
7220 2734
6704 -10575
6708 8155
7728 -9623
7732 -9481
6448 -8999
6452 18971
7472 -8761
7476 -4521
6960 -10168
6964 -144
7984 -10360
7988 -28294
6320 -8665
6324 33608
7344 -9971
7348 -2966
6832 -10979
6836 4031
7856 -10337
7860 -15609
6576 -9869
6580 12790
7600 -9049
7604 -6360
7088 -6577
7092 -5512
8112 -7769
8116 -76830
6256 -8181
6260 53442
7280 -11533
7284 -1506
6768 -10849
6772 6079
7792 -9993
7796 -12019
6512 -9332
6516 15375
7536 -8730
7540 -5291
7024 -9020
7028 -2390
8048 -9810
8052 -42018
6384 -8887
6388 24479
7408 -9207
7412 -3853
6896 -10826
6900 1970
7920 -10508
7924 -20768
6640 -11009
6644 11399
7664 -10487
7668 -8349
7152 12568
7156 -20857
8176 1456
8180 -11981
6152 6398
6156 24044
7176 28287
7180 -26493
6664 -9466
6668 7644
7688 -10716
7692 -8936
6408 -10307
6412 21809
7432 -8885
7436 -1159
6920 -8041
6924 3735
7944 -9419
7948 -23793
6280 -9365
6284 44830
7304 -5843
7308 786
6792 -8466
6796 4894
7816 -10246
7820 -14590
6536 -10305
6540 12875
7560 -10481
7564 -4597
7048 -9710
7052 3610
8072 -8192
8076 -50392
6216 -7147
6220 85310
7240 -2471
7244 616
6728 -8942
6732 6055
7752 -10580
7756 -11525
6472 -10375
6476 16602
7496 -9817
7500 -2702
6984 -8410
6988 3585
8008 -8986
8012 -32541
6344 -10016
6348 29920
7368 -7626
7372 38
6856 -8134
6860 4153
7880 -9864
7884 -18451
6600 -10129
6604 10233
7624 -10979
7628 -6805
7112 -14136
7116 3805
8136 -137
8140 -3399
6184 -49
6188 4778
7208 -20980
7212 14172
6696 -10322
6700 8662
7720 -8896
7724 -10084
6440 -9085
6444 19156
7464 -10313
7468 -5356
6952 -11491
6956 -77
7976 -9819
7980 -26563
6312 -9093
6316 35136
7336 -12827
7340 -1948
6824 -11318
6828 4747
7848 -9386
7852 -15167
6568 -9562
6572 12893
7592 -9236
7596 -7511
7080 -8638
7084 -8492
8104 -8292
8108 -69114
6248 -8556
6252 57799
7272 -14998
7276 1719
6760 -10828
6764 6757
7784 -9078
7788 -12131
6504 -9194
6508 15443
7528 -9584
7532 -6441
7016 -10795
7020 -3307
8040 -9655
8044 -39047
6376 -9135
6380 25008
7400 -11413
7404 -3992
6888 -11620
6892 2512
7912 -9692
7916 -19672
6632 -10402
6636 11303
7656 -9740
7660 -8991
7144 6237
7148 -29924
8168 479
8172 -7980
6168 419
6172 8009
7192 6690
7196 28483
6680 -8809
6684 8593
7704 -9841
7708 -10533
6424 -9709
6428 19715
7448 -11625
7452 -2587
6936 -11363
6940 3886
7960 -9023
7964 -24798
6296 -9804
6300 39244
7320 -10780
7324 3150
6808 -9504
6812 6398
7832 -9156
7836 -15312
6552 -9194
6556 12380
7576 -11006
7580 -6842
7064 -15114
7068 -2030
8088 -8330
8092 -57716
6232 -8636
6236 69210
7256 -8520
7260 8150
6744 -9002
6748 7423
7768 -9430
7772 -12639
6488 -9418
6492 15290
7512 -11378
7516 -4802
7000 -12825
7004 1800
8024 -8975
8028 -34960
6360 -9923
6364 26733
7384 -11521
7388 -33
6872 -10293
6876 5292
7896 -9043
7900 -19072
6616 -9211
6620 10614
7640 -10789
7644 -8854
7128 -21230
7132 -15141
8152 -19
8156 -4763
6200 -159
6204 3415
7224 -13878
7228 -4484
6712 -10659
6716 6624
7736 -9963
7740 -9844
6456 -9920
6460 18578
7480 -8200
7484 -4214
6968 -7632
6972 -146
7992 -9924
7996 -29810
6328 -9116
6332 32752
7352 -8420
7356 -3726
6840 -9767
6844 2643
7864 -10353
7868 -16517
6584 -10735
6588 11826
7608 -9249
7612 -6210
7096 -2682
7100 -1041
8120 -6630
8124 -85231
6264 -8301
6268 50413
7288 -9579
7292 -3817
6776 -10302
6780 4503
7800 -10234
7804 -12619
6520 -10261
6524 14722
7544 -8577
7548 -4920
7032 -5869
7036 -973
8056 -9237
8060 -44533
6392 -9691
6396 24261
7416 -8221
7420 -3911
6904 -8983
6908 1117
7928 -10345
7932 -22087
6648 -12537
6652 11192
7672 -11903
7676 -9734
7160 26915
7164 21062
8184 6592
8188 -23886
4096 1344256
4100 0
5120 9
5124 0
4608 9
4612 -10
5632 9
5636 9
4352 8
4356 -24
5376 9
5380 3
4864 9
4868 -4
5888 8
5892 22
4224 7
4228 -50
5248 9
5252 1
4736 9
4740 -7
5760 9
5764 14
4480 9
4484 -15
5504 9
5508 6
4992 9
4996 -2
6016 7
6020 49
4160 6
4164 -113
5184 9
5188 0
4672 9
4676 -8
5696 9
5700 11
4416 9
4420 -18
5440 9
5444 5
4928 9
4932 -3
5952 8
5956 31
4288 8
4292 -32
5312 9
5316 2
4800 9
4804 -5
5824 9
5828 17
4544 9
4548 -12
5568 9
5572 7
5056 9
5060 -1
6080 210
6084 3609
4128 3506
4132 -11819
5152 9
5156 0
4640 9
4644 -9
5664 9
5668 10
4384 9
4388 -21
5408 9
5412 4
4896 9
4900 -4
5920 8
5924 26
4256 8
4260 -39
5280 9
5284 2
4768 9
4772 -6
5792 9
5796 15
4512 9
4516 -13
5536 9
5540 7
5024 9
5028 -1
6048 6
6052 68
4192 6
4196 -69
5216 9
5220 1
4704 9
4708 -7
5728 9
5732 12
4448 9
4452 -16
5472 9
5476 5
4960 9
4964 -3
5984 8
5988 38
4320 8
4324 -27
5344 9
5348 3
4832 9
4836 -5
5856 9
5860 20
4576 9
4580 -12
5600 10
5604 8
5088 10
5092 1
6112 3423
6116 11801
4112 264456
4116 -234876
5136 10
5140 -3
4624 7
4628 -10
5648 9
5652 8
4368 8
4372 -23
5392 9
5396 4
4880 9
4884 -4
5904 9
5908 25
4240 7
4244 -45
5264 9
5268 2
4752 9
4756 -7
5776 9
5780 15
4496 9
4500 -14
5520 9
5524 6
5008 9
5012 -2
6032 6
6036 58
4176 5
4180 -86
5200 9
5204 0
4688 9
4692 -8
5712 9
5716 12
4432 8
4436 -17
5456 9
5460 5
4944 9
4948 -3
5968 8
5972 34
4304 8
4308 -30
5328 9
5332 3
4816 9
4820 -5
5840 9
5844 18
4560 9
4564 -12
5584 9
5588 8
5072 9
5076 0
6096 491
6100 5491
4144 482
4148 -5494
5168 9
5172 0
4656 9
4660 -9
5680 9
5684 10
4400 8
4404 -19
5424 9
5428 4
4912 9
4916 -4
5936 8
5940 29
4272 7
4276 -35
5296 9
5300 2
4784 9
4788 -6
5808 9
5812 16
4528 9
4532 -13
5552 9
5556 7
5040 9
5044 -1
6064 6
6068 85
4208 8
4212 -55
5232 8
5236 1
4720 9
4724 -6
5744 8
5748 13
4464 9
4468 -14
5488 8
5492 6
4976 9
4980 -2
6000 4
6004 41
4336 6
4340 -29
5360 10
5364 2
4848 9
4852 -6
5872 13
5876 22
4592 -8
4596 -47
5616 45
5620 -9
5104 83
5108 23
6128 261599
6132 236103
4104 -449368
4108 377439
5128 9
5132 2
4616 10
4620 -9
5640 9
5644 11
4360 9
4364 -22
5384 9
5388 4
4872 9
4876 -3
5896 8
5900 24
4232 7
4236 -46
5256 9
5260 2
4744 9
4748 -7
5768 8
5772 14
4488 9
4492 -14
5512 9
5516 6
5000 9
5004 -2
6024 6
6028 52
4168 6
4172 -97
5192 9
5196 0
4680 9
4684 -8
5704 9
5708 11
4424 8
4428 -18
5448 9
5452 4
4936 9
4940 -3
5960 8
5964 33
4296 8
4300 -31
5320 9
5324 3
4808 9
4812 -5
5832 9
5836 18
4552 9
4556 -12
5576 9
5580 8
5064 9
5068 0
6088 247
6092 4353
4136 1180
4140 -7490
5160 9
5164 0
4648 9
4652 -9
5672 9
5676 10
4392 8
4396 -20
5416 9
5420 4
4904 9
4908 -4
5928 8
5932 28
4264 8
4268 -37
5288 9
5292 2
4776 9
4780 -6
5800 9
5804 16
4520 9
4524 -13
5544 9
5548 7
5032 9
5036 -1
6056 5
6060 75
4200 6
4204 -63
5224 9
5228 1
4712 9
4716 -7
5736 9
5740 13
4456 9
4460 -16
5480 9
5484 5
4968 9
4972 -2
5992 7
5996 40
4328 8
4332 -26
5352 9
5356 3
4840 9
4844 -5
5864 9
5868 20
4584 8
4588 -14
5608 12
5612 8
5096 14
5100 3
6120 15271
6124 26121
4120 15488
4124 -26072
5144 9
5148 0
4632 8
4636 -9
5656 9
5660 9
4376 8
4380 -21
5400 9
5404 4
4888 9
4892 -4
5912 8
5916 25
4248 7
4252 -42
5272 9
5276 2
4760 9
4764 -6
5784 9
5788 15
4504 9
4508 -14
5528 9
5532 6
5016 9
5020 -2
6040 6
6044 62
4184 5
4188 -76
5208 9
5212 1
4696 9
4700 -8
5720 9
5724 12
4440 9
4444 -17
5464 9
5468 5
4952 9
4956 -3
5976 8
5980 36
4312 8
4316 -29
5336 9
5340 3
4824 9
4828 -5
5848 9
5852 19
4568 9
4572 -12
5592 9
5596 8
5080 10
5084 0
6104 1151
6108 7471
4152 341
4156 -4319
5176 9
5180 0
4664 9
4668 -8
5688 8
5692 11
4408 9
4412 -18
5432 9
5436 4
4920 9
4924 -3
5944 7
5948 30
4280 8
4284 -33
5304 9
5308 2
4792 9
4796 -5
5816 8
5820 16
4536 9
4540 -12
5560 9
5564 7
5048 9
5052 -1
6072 4
6076 96
4216 5
4220 -58
5240 10
5244 1
4728 9
4732 -8
5752 10
5756 14
4472 9
4476 -17
5496 10
5500 6
4984 10
4988 -3
6008 11
6012 49
4344 14
4348 -18
5368 6
5372 5
4856 9
4860 -1
5880 0
5884 21
4600 39
4604 51
5624 -52
5628 40
5112 -118
5116 -36
6136 -444248
6140 -379791
6144 -32761
6148 0
7168 4538
7172 0
6656 4536
6660 -4483
7680 142
7684 140
6400 143
6404 -342
7424 4542
7428 1835
6912 4532
6916 -1785
7936 4530
7940 10873
6272 4640
6276 -22873
7296 4528
7300 847
6784 4518
6788 -2967
7808 141
7812 209
6528 142
6532 -213
7552 4582
7556 3008
7040 4565
7044 -738
8064 141
8068 712
6208 148
6212 -1476
7232 4515
7236 395
6720 4515
6724 -3662
7744 141
7748 170
6464 142
6468 -265
7488 4558
7492 2381
6976 4542
6980 -1268
8000 4546
8004 14868
6336 4588
6340 -14948
7360 4544
7364 1328
6848 4531
6852 -2354
7872 141
7876 262
6592 144
6596 -176
7616 4670
7620 3734
7104 4642
7108 -136
8128 4466
8132 47096
6176 3121
6180 -104349
7200 4525
7204 169
6688 4507
6692 -4054
7712 141
7716 153
6432 142
6436 -300
7456 4556
7460 2107
6944 4538
6948 -1525
7968 4548
7972 12599
6304 4604
6308 -18127
7328 4542
7332 1093
6816 4526
6820 -2653
7840 142
7844 234
6560 143
6564 -193
7584 4605
7588 3346
7072 4600
7076 -462
8096 141
8100 961
6240 145
6244 -963
7264 4525
7268 616
6752 4505
6756 -3294
7776 141
7780 188
6496 142
6500 -237
7520 4563
7524 2677
7008 4547
7012 -1016
8032 4543
8036 18028
6368 4587
6372 -12695
7392 4555
7396 1579
6880 4546
6884 -2080
7904 142
7908 298
6624 147
6628 -166
7648 4852
7652 4211
7136 4814
7140 473
8160 74
8164 3249
6160 -5148
6164 -16485
7184 4432
7188 -5
6672 4482
6676 -4211
7696 140
7700 145
6416 141
6420 -320
7440 4551
7444 1952
6928 4521
6932 -1677
7952 4581
7956 11653
6288 4574
6292 -20262
7312 4536
7316 960
6800 4516
6804 -2821
7824 142
7828 221
6544 142
6548 -203
7568 4595
7572 3162
7056 4578
7060 -622
8080 143
8084 819
6224 146
6228 -1166
7248 4525
7252 502
6736 4504
6740 -3473
7760 141
7764 179
6480 142
6484 -250
7504 4557
7508 2525
6992 4546
6996 -1146
8016 4546
8020 16314
6352 4586
6356 -13726
7376 4550
7380 1456
6864 4528
6868 -2209
7888 141
7892 279
6608 144
6612 -169
7632 4719
7636 3948
7120 4701
7124 96
8144 4269
8148 64348
6192 4670
6196 -64579
7216 4530
7220 281
6704 4512
6708 -3858
7728 142
7732 162
6448 142
6452 -282
7472 4553
7476 2240
6960 4544
6964 -1404
7984 4550
7988 13654
6320 4592
6324 -16409
7344 4546
7348 1211
6832 4532
6836 -2503
7856 142
7860 247
6576 143
6580 -184
7600 4632
7604 3537
7088 4622
7092 -303
8112 141
8116 1163
6256 142
6260 -817
7280 4492
7284 719
6768 4469
6772 -3119
7792 141
7796 196
6512 141
6516 -223
7536 4550
7540 2807
7024 4526
7028 -883
8048 4572
8052 20011
6384 4698
6388 -11924
7408 4622
7412 1754
6896 4618
6900 -1945
7920 143
7924 324
6640 183
6644 -195
7664 6049
7668 5588
7152 4950
7156 3821
8176 -168284
8180 524119
6152 361136
6156 -183496
7176 4554
7180 16
6664 4502
6668 -4387
7688 142
7692 142
6408 142
6412 -330
7432 4551
7436 1905
6920 4532
6924 -1737
7944 4544
7948 11263
6280 4628
6284 -21477
7304 4534
7308 913
6792 4514
6796 -2881
7816 142
7820 215
6536 142
6540 -208
7560 4589
7564 3077
7048 4575
7052 -679
8072 141
8076 762
6216 147
6220 -1303
7240 4533
7244 447
6728 4517
6732 -3572
7752 141
7756 174
6472 142
6476 -257
7496 4562
7500 2447
6984 4542
6988 -1209
8008 4550
8012 15561
6344 4592
6348 -14317
7368 4540
7372 1395
6856 4528
6860 -2286
7880 142
7884 271
6600 144
6604 -173
7624 4684
7628 3837
7112 4671
7116 -20
8136 4413
8140 54358
6184 4384
6188 -79467
7208 4528
7212 229
6696 4508
6700 -3958
7720 142
7724 158
6440 142
6444 -290
7464 4555
7468 2174
6952 4544
6956 -1469
7976 4538
7980 13101
6312 4599
6316 -17230
7336 4539
7340 1148
6824 4524
6828 -2576
7848 141
7852 241
6568 143
6572 -188
7592 4614
7596 3441
7080 4610
7084 -388
8104 141
8108 1053
6248 144
6252 -886
7272 4520
7276 672
6760 4507
6764 -3204
7784 141
7788 193
6504 141
6508 -230
7528 4564
7532 2756
7016 4547
7020 -947
8040 4535
8044 19015
6376 4592
6380 -12239
7400 4564
7404 1651
6888 4558
6892 -2004
7912 142
7916 308
6632 149
6636 -168
7656 5035
7660 4415
7144 4923
7148 901
8168 -163
8172 4921
6168 -128
6172 -4941
7192 4512
7196 104
6680 4504
6684 -4152
7704 141
7708 150
6424 142
6428 -309
7448 4557
7452 2030
6936 4536
6940 -1597
7960 4550
7964 12123
6296 4593
6300 -19131
7320 4537
7324 1029
6808 4523
6812 -2733
7832 141
7836 227
6552 143
6556 -197
7576 4601
7580 3250
7064 4591
7068 -538
8088 141
8092 884
6232 145
6236 -1055
7256 4524
7260 561
6744 4509
6748 -3390
7768 141
7772 183
6488 142
6492 -244
7512 4558
7516 2602
7000 4542
7004 -1078
8024 4550
8028 17138
6360 4583
6364 -13184
7384 4555
7388 1520
6872 4540
6876 -2146
7896 142
7900 288
6616 145
6620 -167
7640 4768
7644 4070
7128 4748
7132 249
8152 3862
8156 79199
6200 4686
6204 -54518
7224 4528
7228 326
6712 4500
6716 -3762
7736 142
7740 165
6456 141
6460 -273
7480 4557
7484 2310
6968 4536
6972 -1344
7992 4568
7996 14232
6328 4572
6332 -15641
7352 4546
7356 1267
6840 4533
6844 -2424
7864 142
7868 255
6584 143
6588 -180
7608 4656
7612 3630
7096 4640
7100 -225
8120 142
8124 1298
6264 146
6268 -762
7288 4512
7292 804
6776 4512
6780 -3012
7800 140
7804 204
6520 142
6524 -217
7544 4546
7548 2924
7032 4549
7036 -793
8056 4447
8060 21349
6392 4433
6396 -11434
7416 4589
7420 1724
6904 4529
6908 -1932
7928 146
7932 327
6648 113
6652 -181
7672 5675
7676 3430
7160 7416
7164 94
8184 11192
8188 5806 