8208 1612544
8212 0
8192 1575424
8196 0
8216 1631022
8220 -26
8200 1594066
8204 26
8240 -120
8244 37376
8224 -36864
8228 0
8248 26214
8252 26500
8232 -25914
8236 26040
8272 604
8276 52768
8256 -36336
8260 37336
8280 20640
8284 48612
8264 -19188
8268 48524
8304 -980
8308 52940
8288 -36368
8292 -37336
8312 48284
8316 21224
8296 -48108
8300 19136
8336 3156
8340 97484
8320 -33820
8324 90136
8344 21986
8348 95404
8328 -15534
8332 95452
8368 -324
8372 40452
8352 -36764
8356 -15408
8376 33286
8380 22742
8360 -33034
8364 21926
8400 140
8404 40440
8384 -36788
8388 15492
8408 22470
8412 33562
8392 -21858
8396 33346
8432 -3952
8436 97940
8416 -33940
8420 -90220
8440 94748
8444 23298
8424 -94508
8428 15226
8464 13128
8468 191400
8448 -23880
8452 187804
8472 31674
8476 190264
8456 -5334
8460 190360
8496 -180
8500 38112
8480 -36840
8484 -7372
8504 29200
8508 24302
8488 -28892
8492 23746
8528 332
8532 44900
8512 -36628
8516 24972
8536 21354
8540 39482
8520 -20414
8524 39354
8560 -1752
8564 67428
8544 -35772
8548 -55900
8568 63666
8572 21398
8552 -63470
8556 17734
8592 1296
8596 67084
8576 -35632
8580 55832
8600 20600
8604 64010
8584 -17808
8588 64006
8624 -556
8628 44944
8608 -36616
8612 -24880
8632 39190
8636 21692
8616 -38970
8620 20452
8656 8
8660 38188
8640 -36932
8644 7456
8664 24112
8668 29514
8648 -23688
8652 29194
8688 -14956
8692 192136
8672 -23940
8676 -187912
8696 188572
8700 34474
8680 -188112
8684 4478
8720 52900
8724 381152
8704 15936
8708 379344
8728 71338
8732 380492
8712 34506
8716 380544
8752 -112
8756 37540
8736 -36848
8740 -3616
8760 27600
8764 25284
8744 -27264
8748 24828
8784 464
8788 48280
8768 -36492
8772 30672
8792 20956
8796 43512
8776 -19772
8780 43420
8816 -1260
8820 59024
8800 -36164
8804 -45488
8824 54862
8828 21172
8808 -54666
8812 18496
8848 1960
8852 79104
8832 -34996
8836 69828
8856 20998
8860 76540
8840 -16914
8844 76560
8880 -420
8884 42380
8864 -36708
8868 -19892
8888 35956
8892 22152
8872 -35716
8876 21164
8912 68
8916 39076
8896 -36848
8900 11352
8920 23216
8924 31352
8904 -22708
8908 31080
8944 -6868
8948 129116
8928 -31352
8932 -123192
8952 125946
8956 26198
8936 -125634
8940 12326
8976 5736
8980 128608
8960 -31280
8964 123140
8984 24402
8988 127006
8968 -12826
8972 127074
9008 -256
9012 39060
8992 -36808
8996 -11276
9016 31060
9020 23460
9000 -30796
9004 22780
9040 216
9044 42360
9024 -36732
9028 19984
9048 21850
9052 36248
9032 -21114
9036 36068
9072 -2556
9076 79504
9056 -35132
9060 -69912
9080 76072
9084 22022
9064 -75872
9068 16734
9104 908
9108 58680
9088 -35964
9092 45424
9112 20504
9116 55078
9096 -18480
9100 55046
9136 -704
9140 48304
9120 -36476
9124 -30528
9144 43146
9148 21324
9128 -42922
9132 19780
9168 -72
9172 37780
9152 -37100
9156 3692
9176 25190
9180 28030
9160 -24858
9164 27638
9200 -56992
9204 382300
9184 16020
9188 -379532
9208 376434
9212 77092
9192 -375614
9196 -36212
9232 212056
9236 761640
9216 175132
9220 760680
9240 230452
9244 761254
9224 193696
9228 761262
9264 -132
9268 37364
9248 -36804
9252 -1816
9272 26830
9276 25842
9256 -26538
9260 25366
9296 524
9300 50340
9280 -36404
9284 33840
9304 20774
9308 45884
9288 -19474
9292 45800
9328 -1112
9332 55728
9312 -36260
9316 -41168
9336 51326
9340 21158
9320 -51150
9324 18806
9360 2464
9364 87208
9344 -34480
9348 78904
9368 21388
9372 84882
9352 -16288
9356 84926
9392 -364
9396 41332
9376 -36728
9380 -17592
9400 34544
9404 22418
9384 -34300
9388 21538
9424 112
9428 39676
9408 -36800
9412 13384
9432 22820
9436 32386
9416 -22260
9420 32158
9456 -5116
9460 111216
9440 -32920
9444 -104408
9464 108070
9468 24428
9448 -107802
9452 14056
9488 8344
9492 153648
9472 -28668
9476 149112
9496 26964
9500 152298
9480 -10148
9484 152374
9520 -224
9524 38524
9504 -36820
9508 -9304
9528 30080
9532 23868
9512 -29812
9516 23244
9552 268
9556 43532
9536 -36672
9540 22404
9560 21584
9564 37774
9544 -20752
9548 37622
9584 -2104
9588 72872
9568 -35488
9572 -62324
9592 69292
9596 21644
9576 -69092
9580 17264
9616 1088
9620 62524
9600 -35816
9604 50280
9624 20532
9628 59196
9608 -18160
9612 59176
9648 -620
9652 46504
9632 -36544
9636 -27600
9656 41052
9660 21492
9640 -40832
9644 20100
9680 -20
9684 37900
9664 -36980
9668 5572
9688 24614
9692 28710
9672 -24218
9676 28362
9712 -25956
9716 255420
9696 -13620
9700 -251948
9720 251198
9724 45670
9704 -250578
9708 -6126
9744 23380
9748 254520
9728 -13592
9732 251820
9752 41852
9756 253642
9736 4960
9740 253710
9776 -160
9780 37780
9760 -36848
9764 -5492
9784 28356
9788 24786
9768 -28056
9772 24262
9808 380
9812 46464
9792 -36560
9796 27712
9816 21126
9820 41376
9800 -20082
9804 41264
9840 -1492
9844 62852
9824 -35976
9828 -50344
9848 58896
9852 21258
9832 -58712
9836 18110
9872 1588
9876 72504
9856 -35356
9860 62248
9880 20752
9884 69686
9864 -17404
9868 69694
9904 -476
9908 43564
9888 -36660
9892 -22312
9912 37486
9916 21900
9896 -37258
9900 20800
9936 32
9940 38560
9920 -36880
9924 9376
9944 23634
9948 30384
9928 -23178
9932 30088
9968 -9736
9972 154260
9952 -28736
9956 -149200
9976 150996
9980 29148
9960 -150624
9964 9492
10000 4168
10004 110868
9984 -32860
9988 104460
10008 22928
10012 109038
9992 -14456
9996 109094
10032 -296
10036 39732
10016 -36828
10020 -13324
10040 32156
10044 23112
10024 -31904
10028 22372
10064 172
10068 41364
10048 -36800
10052 17688
10072 22154
10076 34880
10056 -21498
10060 34668
10096 -3152
10100 87744
10080 -34648
10084 -79096
10104 84430
10108 22570
10088 -84230
10092 16078
10128 868
10132 55356
10112 -35984
10116 41140
10136 20622
10140 51444
10120 -18682
10124 51480
10160 -708
10164 50336
10144 -36416
10148 -33612
10168 45490
10172 21090
10152 -45198
10156 19514
10192 -128
10196 37968
10176 -37404
10180 1820
10200 25950
10204 27572
10184 -25682
10188 27088
10224 -221136
10228 762680
10208 175676
10212 -760900
10232 751062
10236 241486
10216 -750330
10220 -196226
10256 44780
10260 0
10240 2168
10244 0
10264 94556
10268 -24
10248 61044
10252 24
10288 -140
10292 42896
10272 -36908
10276 0
10296 23814
10300 24094
10280 -26418
10284 26534
10320 4452
10324 56696
10304 -36380
10308 37392
10328 17238
10332 47964
10312 -19570
10316 49444
10352 -4860
10356 56856
10336 -36412
10340 -37392
10360 47662
10364 17824
10344 -49034
10348 19500
10384 8216
10388 99716
10368 -33840
10372 90268
10392 18342
10396 96426
10376 -15882
10380 97270
10416 -2436
10420 45552
10400 -36816
10404 -15428
10424 31650
10428 19748
10408 -33674
10412 22332
10448 2224
10452 45544
10432 -36840
10436 15516
10456 19478
10460 31912
10440 -22278
10444 33976
10480 -14084
10484 7480
10464 -28928
10468 2308
10488 3126
10492 24706
10472 -3662
10476 10514
10512 6372
10516 26219
10496 -29476
10500 23279
10520 30540
10524 -12609
10504 -7104
10508 -12929
10544 880
10548 37072
10528 -41004
10532 -8200
10552 29084
10556 25246
10536 -26212
10540 21562
10576 -2672
10580 45444
10560 -40768
10564 27804
10584 23004
10588 37782
10568 -18512
10572 35726
10608 2640
10612 72024
10592 -39856
10596 -62220
10616 58958
10620 23372
10600 -57598
10604 16060
10640 -3112
10644 71628
10624 -39692
10628 62148
10648 22642
10652 59300
10632 -16110
10636 58096
10672 2448
10676 45492
10656 -40756
10660 -27700
10680 37492
10684 23326
10664 -35356
10668 18558
10704 -1048
10708 37156
10688 -41116
10692 8292
10712 25062
10716 29404
10696 -21494
10700 26508
10736 -7102
10740 27735
10720 -30802
10724 -24051
10744 -13559
10748 31816
10728 14343
10732 7620
10768 34007
10772 33171
10752 -4629
10756 27899
10776 5873
10780 -7509
10760 -29807
10764 -5421
10800 -3444
10804 39144
10784 -39160
10788 -1760
10808 28240
10812 23150
10792 -27640
10796 22390
10832 -1024
10836 54448
10816 -36892
10820 34476
10840 19520
10844 39366
10824 -21460
10828 40694
10864 -1464
10868 58228
10848 -40764
10852 -46052
10872 55564
10876 22106
10856 -53708
10860 14758
10896 3892
10900 88348
10880 -33124
10884 75804
10904 16976
10908 70904
10888 -20540
10892 72772
10928 -2892
10932 42224
10912 -39924
10916 -18964
10936 36922
10940 21238
10920 -35582
10924 18382
10960 -2972
10964 42880
10944 -38324
10948 14072
10968 23070
10972 28186
10952 -23614
10956 28650
10992 -4370
10996 9056
10976 -37246
10980 -5896
11000 1534
11004 34530
10984 678
10988 2018
11024 4003
11028 8026
11008 -36393
11012 5374
11032 33599
11036 2184
11016 -1673
11020 280
11056 2768
11060 42888
11040 -38288
11044 -13988
11064 27912
11068 23300
11048 -28388
11052 23684
11088 2680
11092 42220
11072 -39952
11076 19064
11096 20946
11100 37216
11080 -18334
11084 35932
11120 -4572
11124 88772
11104 -33264
11108 -75912
11128 70498
11132 17958
11112 -72138
11116 20342
11152 1128
11156 57876
11136 -40556
11140 45996
11160 21450
11164 55804
11144 -14746
11148 54092
11184 768
11188 54492
11168 -36892
11172 -34324
11192 39026
11196 19876
11176 -40230
11180 21456
11216 3240
11220 39424
11200 -39428
11204 1828
11224 23058
11228 28650
11208 -22418
11212 28014
11248 -35520
11252 35888
11232 -7472
11236 -29788
11256 -9398
11260 8636
11240 8354
11244 30860
11280 54867
11284 -1157
11264 14503
11268 -3741
11288 -5309
11292 49287
11272 -38469
11276 51787
11312 -1732
11316 40708
11296 -36652
11300 592
11320 26106
11324 21590
11304 -28950
11308 24346
11344 3504
11348 55312
11328 -33920
11332 35920
11352 15962
11356 42264
11336 -23006
11340 45824
11376 -2884
11380 55060
11360 -38688
11364 -38504
11384 54178
11388 18990
11368 -53826
11372 15954
11408 9904
11412 91396
11392 -29140
11396 80456
11416 12904
11420 83056
11400 -22256
11404 86332
11440 -2796
11444 42856
11424 -37588
11428 -15056
11448 35568
11452 18728
11432 -36684
11436 19880
11472 356
11476 44256
11456 -35640
11460 15660
11480 20214
11484 28152
11464 -24994
11468 31612
11504 -6835
11508 3022
11488 -35381
11492 3834
11512 8054
11516 31037
11496 -6354
11500 3039
11536 -1811
11540 20372
11520 -40247
11524 17528
11544 39677
11548 -7968
11528 2185
11532 -10820
11568 1912
11572 40440
11552 -40708
11556 -12840
11576 27714
11580 26184
11560 -25258
11564 22840
11600 -1216
11604 43608
11584 -42624
11588 22768
11608 23648
11612 39016
11592 -16180
11596 35152
11632 -1868
11636 82988
11616 -35728
11620 -72224
11640 60296
11644 20750
11624 -60948
11628 20058
11664 -3648
11668 64892
11648 -43460
11652 54144
11672 25330
11676 57830
11656 -12446
11660 54330
11696 1672
11700 51356
11680 -39228
11684 -33352
11704 36130
11708 23024
11688 -35350
11692 20744
11728 764
11732 38176
11712 -41860
11716 3856
11736 24462
11740 30928
11720 -19906
11724 27072
11760 -26858
11764 40216
11744 -13426
11748 -35592
11768 -22606
11772 14536
11752 21282
11756 26052
11792 25759
11796 38432
11776 -11541
11780 34552
11800 12855
11804 -21506
11784 -25397
11788 -19442
11824 -948
11828 38040
11808 -41720
11812 -3784
11832 30600
11836 24642
11816 -26768
11820 19962
11856 -1924
11860 51308
11840 -39244
11844 33480
11864 22686
11868 36442
11848 -20734
11852 35746
11888 3244
11892 65284
11872 -43644
11876 -54208
11896 57498
11900 26006
11880 -53874
11884 12438
11920 1276
11924 82576
11904 -35588
11908 72144
11928 19946
11932 60632
11912 -20178
11916 61488
11952 1004
11956 43648
11936 -42596
11940 -22672
11960 38720
11964 23942
11944 -34800
11948 16242
11984 -2108
11988 40480
11968 -40780
11972 12920
11992 25962
11996 28016
11976 -22766
11980 25516
12016 1249
12020 21664
12000 -41249
12004 -18144
12024 -8800
12028 40679
12008 11956
12012 -1743
12048 6585
12052 2151
12032 -34659
12036 -4289
12056 30187
12060 8595
12040 -2749
12044 7203
12080 -564
12084 44320
12064 -35676
12068 -15592
12088 27944
12092 20500
12072 -31384
12076 25084
12112 2584
12116 42900
12096 -37656
12100 15152
12120 18464
12124 35892
12104 -19856
12108 37064
12144 -10672
12148 91888
12128 -29296
12132 -80656
12152 82704
12156 14088
12136 -85676
12140 21984
12176 2656
12180 54712
12160 -38416
12164 38480
12184 18400
12188 54298
12168 -15844
12172 54162
12208 -3732
12212 55308
12192 -33944
12196 -35704
12216 41876
12220 16274
12200 -45244
12204 23010
12240 1416
12244 41320
12224 -37240
12228 -620
12248 21734
12252 26810
12232 -24674
12236 29534
12272 -57947
12276 4282
12256 9067
12260 -1366
12280 44314
12284 603
12264 -45582
12268 41249
8208 1344247
8212 1
8192 1344283
8196 -1
8216 1344228
8220 0
8200 1344266
8204 0
8240 0
8244 -39
8224 34
8228 -3
8248 -27
8252 -28
8232 25
8236 -26
8272 -2
8276 -56
8256 34
8260 -42
8280 -23
8284 -51
8264 19
8268 -51
8304 2
8308 -56
8288 34
8292 38
8312 -51
8316 -23
8296 51
8300 -19
8336 -3
8340 -116
8320 33
8324 -110
8344 -22
8348 -113
8328 16
8332 -113
8368 1
8372 -41
8352 35
8356 15
8376 -34
8380 -24
8360 34
8364 -22
8400 -1
8404 -42
8384 35
8388 -18
8408 -23
8412 -34
8392 21
8396 -34
8432 -201
8436 -3613
8416 237
8420 3603
8440 -3610
8444 182
8424 3610
8428 -220
8464 3497
8468 -11820
8448 3533
8452 -11818
8472 3478
8476 -11819
8456 3516
8460 -11819
8496 1
8500 -39
8480 35
8484 5
8504 -30
8508 -26
8488 30
8492 -24
8528 -1
8532 -46
8512 35
8516 -28
8536 -22
8540 -41
8520 20
8524 -41
8560 3
8564 -73
8544 33
8548 61
8568 -69
8572 -23
8552 69
8556 -17
8592 -3
8596 -73
8576 33
8580 -63
8600 -22
8604 -70
8584 16
8588 -70
8624 1
8628 -46
8608 35
8612 24
8632 -41
8636 -22
8616 41
8620 -20
8656 -1
8660 -39
8640 35
8644 -9
8664 -26
8668 -30
8648 24
8652 -30
8688 -3414
8692 -11806
8672 3452
8676 11798
8696 -11801
8700 3393
8680 11799
8684 -3433
8720 264450
8724 -234877
8704 264482
8708 -234881
8728 264428
8732 -234871
8712 264464
8716 -234875
8752 -1
8756 -40
8736 35
8740 2
8760 -30
8764 -27
8744 28
8748 -27
8784 -2
8788 -51
8768 34
8772 -35
8792 -24
8796 -47
8776 20
8780 -47
8816 3
8820 -64
8800 33
8804 48
8824 -60
8828 -23
8808 60
8812 -17
8848 -4
8852 -90
8832 32
8836 -82
8856 -24
8860 -86
8840 16
8844 -86
8880 0
8884 -43
8864 34
8868 19
8888 -38
8892 -23
8872 36
8876 -21
8912 -1
8916 -40
8896 35
8900 -14
8920 -24
8924 -33
8904 22
8908 -33
8944 -482
8948 -5495
8928 518
8932 5487
8952 -5491
8956 462
8936 5491
8940 -502
8976 473
8980 -5495
8960 509
8964 -5493
8984 454
8988 -5494
8968 492
8972 -5494
9008 0
9012 -40
8992 34
8996 10
9016 -34
9020 -24
9000 32
9004 -22
9040 -2
9044 -43
9024 34
9028 -23
9048 -24
9052 -37
9032 20
9036 -37
9072 3
9076 -90
9056 33
9060 78
9080 -86
9084 -23
9064 86
9068 -17
9104 -1
9108 -61
9088 33
9092 -47
9112 -19
9116 -57
9096 19
9100 -55
9136 4
9140 -47
9120 30
9124 31
9144 -42
9148 -25
9128 44
9132 -15
9168 -6
9172 -43
9152 38
9156 -11
9176 -32
9180 -27
9160 24
9164 -35
9200 -261645
9204 -236182
9184 261719
9188 236070
9208 -236133
9212 261478
9192 236027
9196 -261554
9232 -449378
9236 377439
9216 -449340
9220 377443
9240 -449397
9244 377436
9224 -449357
9228 377438
9264 1
9268 -39
9248 35
9252 3
9272 -27
9276 -27
9256 27
9260 -25
9296 -1
9300 -51
9280 33
9284 -37
9304 -23
9308 -49
9288 19
9292 -47
9328 3
9332 -58
9312 33
9316 42
9336 -54
9340 -23
9320 54
9324 -17
9360 -3
9364 -100
9344 33
9348 -94
9368 -22
9372 -97
9352 16
9356 -97
9392 0
9396 -44
9376 34
9380 16
9400 -37
9404 -23
9384 35
9388 -21
9424 -1
9428 -41
9408 35
9412 -15
9432 -24
9436 -34
9416 22
9420 -34
9456 -238
9460 -4357
9440 274
9444 4349
9464 -4353
9468 218
9448 4353
9452 -258
9488 1171
9492 -7491
9472 1207
9476 -7489
9496 1152
9500 -7490
9480 1190
9484 -7490
9520 0
9524 -40
9504 34
9508 8
9528 -33
9532 -25
9512 31
9516 -23
9552 -1
9556 -45
9536 35
9540 -25
9560 -23
9564 -39
9544 21
9548 -39
9584 4
9588 -80
9568 32
9572 68
9592 -76
9596 -24
9576 76
9580 -16
9616 -3
9620 -68
9600 33
9604 -56
9624 -23
9628 -64
9608 17
9612 -64
9648 2
9652 -49
9632 34
9636 27
9656 -42
9660 -23
9640 42
9644 -19
9680 -1
9684 -38
9664 35
9668 -8
9688 -26
9692 -29
9672 24
9676 -29
9712 -15265
9716 -26130
9696 15305
9700 26118
9720 -26122
9724 15235
9704 26114
9708 -15279
9744 15480
9748 -26072
9728 15514
9732 -26072
9752 15461
9756 -26071
9736 15497
9740 -26073
9776 0
9780 -38
9760 34
9764 4
9784 -30
9788 -26
9768 28
9772 -24
9808 -2
9812 -49
9792 34
9796 -31
9816 -23
9820 -44
9800 19
9804 -44
9840 3
9844 -68
9824 33
9828 52
9848 -64
9852 -23
9832 64
9836 -17
9872 -4
9876 -79
9856 32
9860 -71
9880 -24
9884 -77
9864 16
9868 -77
9904 1
9908 -45
9888 35
9892 21
9912 -39
9916 -23
9896 39
9900 -21
9936 -1
9940 -40
9920 35
9924 -12
9944 -25
9948 -32
9928 23
9932 -32
9968 -1143
9972 -7475
9952 1179
9956 7467
9976 -7471
9980 1121
9960 7471
9964 -1161
10000 333
10004 -4322
9984 367
9988 -4316
10008 313
10012 -4320
9992 351
9996 -4318
10032 2
10036 -41
10016 34
10020 13
10040 -33
10044 -24
10024 33
10028 -20
10064 0
10068 -42
10048 34
10052 -20
10072 -22
10076 -36
10056 20
10060 -34
10096 5
10100 -100
10080 31
10084 90
10104 -97
10108 -24
10088 97
10092 -14
10128 -4
10132 -63
10112 34
10116 -51
10136 -27
10140 -58
10120 17
10124 -60
10160 -2
10164 -57
10144 40
10148 35
10168 -53
10172 -22
10152 51
10156 -24
10192 11
10196 -33
10176 29
10180 7
10200 -14
10204 -32
10184 30
10188 -14
10224 444353
10228 379918
10208 -444379
10212 -379736
10232 379846
10236 -444119
10216 -379664
10220 444141
10256 -32901
10260 4343
10240 -23545
10244 -4343
10264 -41922
10268 -4394
10248 -32676
10252 4394
10288 -4377
10292 -7595
10272 13747
10276 10581
10296 -17057
10300 -2179
10280 8259
10284 -2175
10320 4509
10324 -19268
10304 13827
10308 -24784
10328 -3064
10332 -28097
10312 3288
10316 -19343
10352 18
10356 2821
10336 9430
10340 2769
10360 -5890
10364 -7645
10344 -2990
10348 1203
10384 7
10388 2411
10368 9319
10372 -4573
10392 -8199
10396 -6245
10376 -535
10380 2503
10416 -4388
10420 -11484
10400 13788
10404 15716
10424 -20552
10428 -2642
10408 11720
10412 -2650
10448 4460
10452 -11528
10432 13804
10436 -15712
10456 -2572
10460 -20666
10440 2660
10444 -11886
10480 -4294
10484 -43402
10464 13922
10468 50518
10488 -51758
10492 -4086
10472 42706
10476 -3734
10512 2998
10516 -100279
10496 12294
10500 -108081
10520 -5611
10524 -108884
10504 2803
10508 -100152
10544 -4388
10548 -9267
10528 13784
10532 12881
10552 -18538
10556 -2397
10536 9710
10540 -2417
10576 4478
10580 -14615
10560 13814
10564 -19453
10584 -2825
10588 -23604
10568 2949
10572 -14836
10608 7
10612 2654
10592 9489
10596 3652
10616 -5885
10620 -7998
10600 -3039
10604 920
10640 24
10644 2759
10624 9316
10628 -3453
10648 -7862
10652 -5943
10632 -898
10636 2785
10672 -4385
10676 -14572
10656 13795
10660 19452
10680 -23465
10684 -2918
10664 14623
10668 -2910
10704 4454
10708 -9334
10688 13830
10692 -12898
10712 -2346
10716 -18678
10696 2410
10700 -9870
10736 111
10740 323
10720 9887
10724 7767
10744 -7481
10748 -9117
10728 -1929
10732 363
10768 -5338
10772 -12424
10752 3906
10756 -20556
10776 -13936
10780 -20822
10760 -5224
10764 -12138
10800 -4410
10804 -8344
10784 13794
10788 11608
10808 -17740
10812 -2212
10792 8920
10796 -2332
10832 4452
10836 -16702
10816 13768
10820 -21902
10840 -3004
10844 -25596
10824 3080
10828 -16848
10864 16
10868 2762
10848 9458
10852 3156
10872 -5894
10876 -7800
10856 -3012
10860 1070
10896 26
10900 2630
10880 9316
10884 -3958
10904 -8031
10908 -6031
10888 -727
10892 2695
10928 -4393
10932 -12893
10912 13791
10916 17443
10936 -21875
10940 -2775
10920 13045
10924 -2775
10960 4467
10964 -10340
10944 13805
10948 -14200
10968 -2452
10972 -19569
10952 2524
10956 -10795
10992 -4107
10996 -60665
10976 13833
10980 68223
11000 -68827
11004 -4549
10984 59677
10988 -3685
11024 4546
11028 -60602
11008 13854
11012 -67994
11032 -3880
11036 -69230
11016 4160
11020 -60490
11056 -4399
11060 -10292
11040 13789
11044 14208
11064 -19469
11068 -2516
11048 10647
11052 -2528
11088 4464
11092 -12942
11072 13812
11076 -17454
11096 -2704
11100 -22010
11080 2796
11084 -13230
11120 12
11124 2493
11104 9538
11108 4213
11128 -5955
11132 -8202
11112 -3023
11116 760
11152 24
11156 2825
11136 9244
11140 -3021
11160 -7665
11164 -5864
11144 -1035
11148 2792
11184 -4407
11188 -16544
11168 13789
11172 21712
11192 -25303
11196 -2984
11176 16485
11180 -3076
11216 4559
11220 -8549
11200 14081
11204 -11791
11224 -2193
11228 -18153
11208 2345
11212 -9203
11248 169566
11252 -522547
11232 -157102
11236 533333
11256 -526164
11260 -179017
11240 514432
11244 167451
11280 361046
11284 -179235
11264 370334
11268 -187725
11288 352053
11292 -187872
11272 361111
11276 -179152
11312 -4383
11316 -7951
11296 13769
11300 11101
11320 -17409
11324 -2223
11304 8591
11308 -2247
11344 4506
11348 -17898
11328 13818
11332 -23230
11352 -3002
11356 -26762
11336 3190
11340 -18018
11376 15
11380 2786
11360 9447
11364 2952
11384 -5888
11388 -7719
11368 -3006
11372 1149
11408 22
11412 2542
11392 9338
11396 -4254
11416 -8132
11420 -6126
11400 -640
11404 2626
11440 -4388
11444 -12162
11424 13796
11428 16542
11448 -21190
11452 -2696
11432 12350
11436 -2712
11472 4462
11476 -10907
11456 13802
11460 -14937
11480 -2505
11484 -20098
11464 2609
11468 -11326
11504 -4256
11508 -50674
11488 13912
11492 58002
11512 -58918
11516 -4268
11496 49838
11500 -3752
11536 4262
11540 -75438
11520 13562
11524 -83038
11544 -4260
11548 -84062
11528 3972
11532 -75330
11568 -4385
11572 -9748
11552 13779
11556 13516
11576 -18983
11580 -2470
11560 10157
11564 -2458
11600 4473
11604 -13747
11584 13803
11588 -18417
11608 -2757
11612 -22761
11592 2877
11596 -13995
11632 6
11636 2588
11616 9508
11620 3918
11640 -5912
11644 -8098
11624 -3030
11628 840
11664 16
11668 2797
11648 9312
11652 -3225
11672 -7773
11676 -5924
11656 -979
11660 2808
11696 -4377
11700 -15542
11680 13787
11684 20594
11704 -24385
11708 -2998
11688 15539
11692 -2974
11728 4456
11732 -8892
11712 13856
11716 -12284
11736 -2284
11740 -18306
11720 2340
11724 -9474
11760 424
11764 -1575
11744 9944
11748 10069
11768 -8906
11772 -9669
11752 -866
11756 503
11792 -261
11796 -835
11776 9029
11780 -8839
11800 -8942
11804 -9408
11784 -338
11788 -682
11824 -4387
11828 -8805
11808 13785
11812 12247
11832 -18135
11836 -2325
11816 9305
11820 -2353
11856 4466
11860 -15596
11840 13794
11844 -20608
11864 -2904
11868 -24542
11848 3016
11852 -15778
11888 12
11892 2707
11872 9476
11876 3399
11896 -5880
11900 -7897
11880 -3036
11884 1003
11920 19
11924 2713
11904 9319
11908 -3701
11928 -7952
11932 -5984
11912 -806
11916 2752
11952 -4392
11956 -13702
11936 13792
11940 18418
11960 -22632
11964 -2838
11944 13800
11948 -2854
11984 4456
11988 -9806
11968 13820
11972 -13522
11992 -2406
11996 -19102
11976 2462
11980 -10306
12016 -3697
12020 -75545
12000 13523
12004 83351
12024 -83573
12028 -5123
12008 74327
12012 -3351
12048 4572
12052 -50595
12032 13856
12036 -57789
12056 -3769
12060 -59202
12040 4085
12044 -50486
12080 -4406
12084 -10851
12064 13802
12068 14925
12088 -19992
12092 -2551
12072 11160
12076 -2615
12112 4443
12116 -12205
12096 13793
12100 -16543
12120 -2653
12124 -21299
12104 2705
12108 -12517
12144 17
12148 2377
12128 9581
12132 4523
12152 -6036
12156 -8308
12136 -2990
12140 688
12176 6
12180 2850
12160 9310
12164 -2766
12184 -7582
12188 -5938
12168 -1150
12172 2806
12208 -4308
12212 -17849
12192 13684
12196 23263
12216 -26546
12220 -3243
12200 17738
12204 -3039
12240 4347
12244 -8105
12224 13697
12228 -11315
12248 -2415
12252 -17541
12232 2103
12236 -8775
12272 -12820
12276 -2651
12256 24396
12260 9149
12280 -11274
12284 165
12264 150
12268 -7387 