8192 1603264
8196 0
8200 202834
8204 761209
8208 43670
8212 380383
8216 14150
8220 253423
8224 3897
8228 189957
8232 -877
8236 151858
8240 -3492
8244 126457
8248 -5055
8252 108365
8256 -6053
8260 94619
8264 -6729
8268 83980
8272 -7238
8276 75508
8280 -7605
8284 68533
8288 -7886
8292 62733
8296 -8089
8300 57794
8304 -8258
8308 53557
8312 -8294
8316 49855
8320 -8570
8324 46810
8328 -8645
8332 43966
8336 -8711
8340 41471
8344 -8784
8348 39204
8352 -8839
8356 37177
8360 -8893
8364 35333
8368 -8945
8372 33665
8376 -8993
8380 32150
8384 -9009
8388 30710
8392 -9032
8396 29401
8400 -9068
8404 28215
8408 -9098
8412 27102
8416 -9125
8420 26088
8424 -9151
8428 25136
8432 -9210
8436 24285
8440 -9316
8444 23612
8448 -9171
8452 22479
8456 -9161
8460 21689
8464 -9156
8468 21009
8472 -9177
8476 20334
8480 -9178
8484 19697
8488 -9194
8492 19083
8496 -9200
8500 18506
8504 -9218
8508 17973
8512 -9209
8516 17428
8520 -9212
8524 16924
8528 -9222
8532 16451
8536 -9227
8540 15988
8544 -9238
8548 15552
8552 -9236
8556 15124
8560 -9239
8564 14720
8568 -9208
8572 14332
8576 -9293
8580 13991
8584 -9299
8588 13631
8592 -9307
8596 13301
8600 -9321
8604 12969
8608 -9332
8612 12665
8616 -9348
8620 12364
8624 -9372
8628 12087
8632 -9400
8636 11824
8640 -9413
8644 11561
8648 -9442
8652 11323
8656 -9477
8660 11112
8664 -9525
8668 10925
8672 -9609
8676 10794
8680 -9739
8684 10754
8688 -10038
8692 10912
8696 -11182
8700 11760
8704 -9267
8708 9239
8712 -9229
8716 8949
8720 -9228
8724 8756
8728 -9226
8732 8548
8736 -9228
8740 8353
8744 -9234
8748 8144
8752 -9237
8756 7940
8760 -9243
8764 7744
8768 -9232
8772 7543
8776 -9225
8780 7343
8784 -9234
8788 7159
8792 -9234
8796 6975
8800 -9233
8804 6789
8808 -9231
8812 6612
8816 -9226
8820 6432
8824 -9204
8828 6272
8832 -9257
8836 6099
8840 -9253
8844 5937
8848 -9262
8852 5780
8856 -9263
8860 5614
8864 -9272
8868 5460
8872 -9273
8876 5302
8880 -9282
8884 5147
8888 -9296
8892 4994
8896 -9286
8900 4845
8904 -9285
8908 4697
8912 -9297
8916 4550
8920 -9302
8924 4407
8928 -9315
8932 4267
8936 -9327
8940 4126
8944 -9355
8948 3990
8952 -9440
8956 3871
8960 -9301
8964 3688
8968 -9287
8972 3547
8976 -9298
8980 3427
8984 -9303
8988 3285
8992 -9304
8996 3152
9000 -9305
9004 3016
9008 -9308
9012 2880
9016 -9318
9020 2751
9024 -9314
9028 2615
9032 -9311
9036 2480
9040 -9319
9044 2350
9048 -9321
9052 2217
9056 -9325
9060 2084
9064 -9329
9068 1945
9072 -9329
9076 1809
9080 -9321
9084 1685
9088 -9369
9092 1529
9096 -9375
9100 1395
9104 -9395
9108 1254
9112 -9408
9116 1103
9120 -9421
9124 952
9128 -9441
9132 797
9136 -9466
9140 632
9144 -9497
9148 455
9152 -9515
9156 274
9160 -9544
9164 62
9168 -9589
9172 -182
9176 -9664
9180 -460
9184 -9745
9188 -841
9192 -9865
9196 -1398
9200 -10073
9204 -2446
9208 -10225
9212 -5547
9216 -9280
9220 0
9224 -9240
9228 -49
9232 -9252
9236 -135
9240 -9256
9244 -253
9248 -9273
9252 -355
9256 -9285
9260 -478
9264 -9280
9268 -583
9272 -9291
9276 -701
9280 -9279
9284 -809
9288 -9279
9292 -924
9296 -9280
9300 -1042
9304 -9279
9308 -1157
9312 -9282
9316 -1275
9320 -9275
9324 -1392
9328 -9270
9332 -1505
9336 -9264
9340 -1607
9344 -9296
9348 -1758
9352 -9295
9356 -1876
9360 -9303
9364 -1995
9368 -9306
9372 -2116
9376 -9309
9380 -2241
9384 -9309
9388 -2365
9392 -9313
9396 -2493
9400 -9321
9404 -2624
9408 -9315
9412 -2744
9416 -9312
9420 -2871
9424 -9322
9428 -3001
9432 -9326
9436 -3134
9440 -9337
9444 -3266
9448 -9349
9452 -3400
9456 -9376
9460 -3549
9464 -9450
9468 -3718
9472 -9321
9476 -3791
9480 -9307
9484 -3915
9488 -9324
9492 -4047
9496 -9327
9500 -4190
9504 -9332
9508 -4327
9512 -9328
9516 -4473
9520 -9332
9524 -4614
9528 -9344
9532 -4769
9536 -9335
9540 -4906
9544 -9334
9548 -5054
9552 -9342
9556 -5207
9560 -9341
9564 -5362
9568 -9348
9572 -5520
9576 -9346
9580 -5672
9584 -9351
9588 -5832
9592 -9354
9596 -5970
9600 -9381
9604 -6189
9608 -9387
9612 -6351
9616 -9405
9620 -6533
9624 -9413
9628 -6715
9632 -9430
9636 -6901
9640 -9448
9644 -7090
9648 -9472
9652 -7291
9656 -9500
9660 -7500
9664 -9533
9668 -7701
9672 -9576
9676 -7919
9680 -9633
9684 -8150
9688 -9711
9692 -8395
9696 -9839
9700 -8682
9704 -10049
9708 -9018
9712 -10448
9716 -9528
9720 -11548
9724 -10870
9728 -9293
9732 -9239
9736 -9233
9740 -9429
9744 -9254
9748 -9660
9752 -9260
9756 -9898
9760 -9276
9764 -10151
9768 -9272
9772 -10412
9776 -9271
9780 -10674
9784 -9271
9788 -10948
9792 -9256
9796 -11217
9800 -9247
9804 -11495
9808 -9244
9812 -11797
9816 -9238
9820 -12103
9824 -9231
9828 -12415
9832 -9221
9836 -12734
9840 -9210
9844 -13060
9848 -9222
9852 -13380
9856 -9213
9860 -13815
9864 -9211
9868 -14187
9872 -9216
9876 -14584
9880 -9207
9884 -14990
9888 -9208
9892 -15424
9896 -9197
9900 -15866
9904 -9192
9908 -16335
9912 -9190
9916 -16832
9920 -9178
9924 -17319
9928 -9171
9932 -17843
9936 -9161
9940 -18412
9944 -9154
9948 -18999
9952 -9155
9956 -19633
9960 -9153
9964 -20290
9968 -9159
9972 -21034
9976 -9198
9980 -21945
9984 -9071
9988 -22376
9992 -9049
9996 -23137
10000 -9070
10004 -24005
10008 -9041
10012 -24921
10016 -9026
10020 -25894
10024 -8993
10028 -26930
10032 -8968
10036 -28048
10040 -8948
10044 -29279
10048 -8906
10052 -30545
10056 -8871
10060 -31942
10064 -8825
10068 -33486
10072 -8771
10076 -35155
10080 -8705
10084 -36996
10088 -8633
10092 -38997
10096 -8557
10100 -41225
10104 -8533
10108 -43659
10112 -8325
10116 -46667
10120 -8199
10124 -49843
10128 -8057
10132 -53510
10136 -7834
10140 -57701
10144 -7589
10148 -62616
10152 -7251
10156 -68395
10160 -6822
10164 -75340
10168 -6251
10172 -83875
10176 -5479
10180 -94354
10184 -4358
10188 -107874
10192 -2653
10196 -125972
10200 164
10204 -151270
10208 5253
10212 -189183
10216 16033
10220 -252286
10224 46579
10228 -378470
10232 208631
10236 -756243
10240 50637
10244 0
10248 6398
10252 24044
10256 1361
10260 12035
10264 419
10268 8009
10272 83
10276 5990
10280 -49
10284 4778
10288 -116
10292 3966
10296 -159
10300 3415
10304 -5791
10308 95920
10312 -7147
10316 85310
10320 -8199
10324 76957
10328 -8636
10332 69210
10336 -9068
10340 62793
10344 -8556
10348 57799
10352 -8181
10356 53442
10360 -8301
10364 50413
10368 -8565
10372 47874
10376 -9365
10380 44830
10384 -9964
10388 42246
10392 -9804
10396 39244
10400 -9737
10404 36689
10408 -9093
10412 35136
10416 -8665
10420 33608
10424 -9116
10428 32752
10432 -9354
10436 31737
10440 -10016
10444 29920
10448 -10460
10452 28447
10456 -9923
10460 26733
10464 -9649
10468 25340
10472 -9135
10476 25008
10480 -8887
10484 24479
10488 -9691
10492 24261
10496 -9913
10500 23381
10504 -10307
10508 21809
10512 -10501
10516 20731
10520 -9709
10524 19715
10528 -9313
10532 18920
10536 -9085
10540 19156
10544 -8999
10548 18971
10552 -9920
10556 18578
10560 -10319
10564 18051
10568 -10375
10572 16602
10576 -10369
10580 15720
10584 -9418
10588 15290
10592 -9043
10596 14919
10600 -9194
10604 15443
10608 -9332
10612 15375
10616 -10261
10620 14722
10624 -10661
10628 14197
10632 -10305
10636 12875
10640 -10093
10644 12260
10648 -9194
10652 12380
10656 -8964
10660 12309
10664 -9562
10668 12893
10672 -9869
10676 12790
10680 -10735
10684 11826
10688 -10887
10692 11252
10696 -10129
10700 10233
10704 -9851
10708 9927
10712 -9211
10716 10614
10720 -9280
10724 10780
10728 -10402
10732 11303
10736 -11009
10740 11399
10744 -12537
10748 11192
10752 -10641
10756 8378
10760 -9466
10764 7644
10768 -9137
10772 7602
10776 -8809
10780 8593
10784 -9042
10788 8676
10792 -10322
10796 8662
10800 -10575
10804 8155
10808 -10659
10812 6624
10816 -10303
10820 6194
10824 -8942
10828 6055
10832 -8787
10836 6243
10840 -9002
10844 7423
10848 -9446
10852 7318
10856 -10828
10860 6757
10864 -10849
10868 6079
10872 -10302
10876 4503
10880 -9838
10884 4376
10888 -8466
10892 4894
10896 -8635
10900 5252
10904 -9504
10908 6398
10912 -10038
10916 5969
10920 -11318
10924 4747
10928 -10979
10932 4031
10936 -9767
10940 2643
10944 -9250
10948 2932
10952 -8134
10956 4153
10960 -8722
10964 4469
10968 -10293
10972 5292
10976 -10741
10980 4423
10984 -11620
10988 2512
10992 -10826
10996 1970
11000 -8983
11004 1117
11008 -8582
11012 1834
11016 -8041
11020 3735
11024 -9119
11028 3744
11032 -11363
11036 3886
11040 -11392
11044 2506
11048 -11491
11052 -77
11056 -10168
11060 -144
11064 -7632
11068 -146
11072 -7949
11076 1086
11080 -8410
11084 3585
11088 -9972
11092 2829
11096 -12825
11100 1800
11104 -11993
11108 -86
11112 -10795
11116 -3307
11120 -9020
11124 -2390
11128 -5869
11132 -973
11136 -7469
11140 612
11144 -9710
11148 3610
11152 -11662
11156 1248
11160 -15114
11164 -2030
11168 -12452
11172 -4422
11176 -8638
11180 -8492
11184 -6577
11188 -5512
11192 -2682
11196 -1041
11200 -7259
11204 404
11208 -14136
11212 3805
11216 -16347
11220 -3524
11224 -21230
11228 -15141
11232 -11974
11236 -19922
11240 6237
11244 -29924
11248 12568
11252 -20857
11256 26915
11260 21062
11264 -27163
11268 0
11272 28287
11276 -26493
11280 13328
11284 18500
11288 6690
11292 28483
11296 -11635
11300 18759
11304 -20980
11308 14172
11312 -16079
11316 2734
11320 -13878
11324 -4484
11328 -7021
11332 -928
11336 -2471
11340 616
11344 -6417
11348 5119
11352 -8520
11356 8150
11360 -12334
11364 4095
11368 -14998
11372 1719
11376 -11533
11380 -1506
11384 -9579
11388 -3817
11392 -7399
11396 -830
11400 -5843
11404 786
11408 -8994
11412 2216
11416 -10780
11420 3150
11424 -11983
11428 -65
11432 -12827
11436 -1948
11440 -9971
11444 -2966
11448 -8420
11452 -3726
11456 -7954
11460 -1207
11464 -7626
11468 38
11472 -10188
11476 29
11480 -11521
11484 -33
11488 -11433
11492 -2616
11496 -11413
11500 -3992
11504 -9207
11508 -3853
11512 -8221
11516 -3911
11520 -8611
11524 -1933
11528 -8885
11532 -1159
11536 -10801
11540 -2039
11544 -11625
11548 -2587
11552 -10749
11556 -4484
11560 -10313
11564 -5356
11568 -8761
11572 -4521
11576 -8200
11580 -4214
11584 -9307
11588 -2989
11592 -9817
11596 -2702
11600 -11039
11604 -4090
11608 -11378
11612 -4802
11616 -10111
11620 -6023
11624 -9584
11628 -6441
11632 -8730
11636 -5291
11640 -8577
11644 -4920
11648 -9975
11652 -4465
11656 -10481
11660 -4597
11664 -11021
11668 -6172
11672 -11006
11676 -6842
11680 -9644
11684 -7407
11688 -9236
11692 -7511
11696 -9049
11700 -6360
11704 -9249
11708 -6210
11712 -10619
11716 -6358
11720 -10979
11724 -6805
11728 -10957
11732 -8347
11736 -10789
11740 -8854
11744 -9672
11748 -8938
11752 -9740
11756 -8991
11760 -10487
11764 -8349
11768 -11903
11772 -9734
11776 -10665
11780 -8378
11784 -10716
11788 -8936
11792 -10181
11796 -10238
11800 -9841
11804 -10533
11808 -8882
11812 -10146
11816 -8896
11820 -10084
11824 -9623
11828 -9481
11832 -9963
11836 -9844
11840 -10725
11844 -10918
11848 -10580
11852 -11525
11856 -9721
11860 -12515
11864 -9430
11868 -12639
11872 -8844
11876 -12058
11880 -9078
11884 -12131
11888 -9993
11892 -12019
11896 -10234
11900 -12619
11904 -10578
11908 -14028
11912 -10246
11916 -14590
11920 -9299
11924 -15238
11928 -9156
11932 -15312
11936 -9010
11940 -14789
11944 -9386
11948 -15167
11952 -10337
11956 -15609
11960 -10353
11964 -16517
11968 -10282
11972 -17946
11976 -9864
11980 -18451
11984 -8954
11988 -18873
11992 -9043
11996 -19072
12000 -9293
12004 -18855
12008 -9692
12012 -19672
12016 -10508
12020 -20768
12024 -10345
12028 -22087
12032 -9802
12036 -23282
12040 -9419
12044 -23793
12048 -8739
12052 -24196
12056 -9023
12060 -24798
12064 -9550
12068 -25142
12072 -9819
12076 -26563
12080 -10360
12084 -28294
12088 -9924
12092 -29810
12096 -9241
12100 -31576
12104 -8986
12108 -32541
12112 -8544
12116 -33423
12120 -8975
12124 -34960
12128 -9609
12132 -36510
12136 -9655
12140 -39047
12144 -9810
12148 -42018
12152 -9237
12156 -44533
12160 -8307
12164 -47736
12168 -8192
12172 -50392
12176 -7988
12180 -53388
12184 -8330
12188 -57716
12192 -8796
12196 -62700
12200 -8292
12204 -69114
12208 -7769
12212 -76830
12216 -6630
12220 -85231
12224 -163
12228 -2990
12232 -137
12236 -3399
12240 -91
12244 -3952
12248 -19
12252 -4763
12256 124
12260 -5971
12264 479
12268 -7980
12272 1456
12276 -11981
12280 6592
12284 -23886
8192 1344256
8196 0
8200 -449368
8204 377439
8208 264456
8212 -234876
8216 15488
8220 -26072
8224 3506
8228 -11819
8232 1180
8236 -7490
8240 482
8244 -5494
8248 341
8252 -4319
8256 6
8260 -113
8264 6
8268 -97
8272 5
8276 -86
8280 5
8284 -76
8288 6
8292 -69
8296 6
8300 -63
8304 8
8308 -55
8312 5
8316 -58
8320 7
8324 -50
8328 7
8332 -46
8336 7
8340 -45
8344 7
8348 -42
8352 8
8356 -39
8360 8
8364 -37
8368 7
8372 -35
8376 8
8380 -33
8384 8
8388 -32
8392 8
8396 -31
8400 8
8404 -30
8408 8
8412 -29
8416 8
8420 -27
8424 8
8428 -26
8432 6
8436 -29
8440 14
8444 -18
8448 8
8452 -24
8456 9
8460 -22
8464 8
8468 -23
8472 8
8476 -21
8480 9
8484 -21
8488 8
8492 -20
8496 8
8500 -19
8504 9
8508 -18
8512 9
8516 -18
8520 8
8524 -18
8528 8
8532 -17
8536 9
8540 -17
8544 9
8548 -16
8552 9
8556 -16
8560 9
8564 -14
8568 9
8572 -17
8576 9
8580 -15
8584 9
8588 -14
8592 9
8596 -14
8600 9
8604 -14
8608 9
8612 -13
8616 9
8620 -13
8624 9
8628 -13
8632 9
8636 -12
8640 9
8644 -12
8648 9
8652 -12
8656 9
8660 -12
8664 9
8668 -12
8672 9
8676 -12
8680 8
8684 -14
8688 -8
8692 -47
8696 39
8700 51
8704 9
8708 -10
8712 10
8716 -9
8720 7
8724 -10
8728 8
8732 -9
8736 9
8740 -9
8744 9
8748 -9
8752 9
8756 -9
8760 9
8764 -8
8768 9
8772 -8
8776 9
8780 -8
8784 9
8788 -8
8792 9
8796 -8
8800 9
8804 -7
8808 9
8812 -7
8816 9
8820 -6
8824 9
8828 -8
8832 9
8836 -7
8840 9
8844 -7
8848 9
8852 -7
8856 9
8860 -6
8864 9
8868 -6
8872 9
8876 -6
8880 9
8884 -6
8888 9
8892 -5
8896 9
8900 -5
8904 9
8908 -5
8912 9
8916 -5
8920 9
8924 -5
8928 9
8932 -5
8936 9
8940 -5
8944 9
8948 -6
8952 9
8956 -1
8960 9
8964 -4
8968 9
8972 -3
8976 9
8980 -4
8984 9
8988 -4
8992 9
8996 -4
9000 9
9004 -4
9008 9
9012 -4
9016 9
9020 -3
9024 9
9028 -3
9032 9
9036 -3
9040 9
9044 -3
9048 9
9052 -3
9056 9
9060 -3
9064 9
9068 -2
9072 9
9076 -2
9080 10
9084 -3
9088 9
9092 -2
9096 9
9100 -2
9104 9
9108 -2
9112 9
9116 -2
9120 9
9124 -1
9128 9
9132 -1
9136 9
9140 -1
9144 9
9148 -1
9152 9
9156 -1
9160 9
9164 0
9168 9
9172 0
9176 10
9180 0
9184 10
9188 1
9192 14
9196 3
9200 83
9204 23
9208 -118
9212 -36
9216 9
9220 0
9224 9
9228 2
9232 10
9236 -3
9240 9
9244 0
9248 9
9252 0
9256 9
9260 0
9264 9
9268 0
9272 9
9276 0
9280 9
9284 0
9288 9
9292 0
9296 9
9300 0
9304 9
9308 1
9312 9
9316 1
9320 9
9324 1
9328 8
9332 1
9336 10
9340 1
9344 9
9348 1
9352 9
9356 2
9360 9
9364 2
9368 9
9372 2
9376 9
9380 2
9384 9
9388 2
9392 9
9396 2
9400 9
9404 2
9408 9
9412 2
9416 9
9420 3
9424 9
9428 3
9432 9
9436 3
9440 9
9444 3
9448 9
9452 3
9456 10
9460 2
9464 6
9468 5
9472 9
9476 3
9480 9
9484 4
9488 9
9492 4
9496 9
9500 4
9504 9
9508 4
9512 9
9516 4
9520 9
9524 4
9528 9
9532 4
9536 9
9540 5
9544 9
9548 4
9552 9
9556 5
9560 9
9564 5
9568 9
9572 5
9576 9
9580 5
9584 8
9588 6
9592 10
9596 6
9600 9
9604 6
9608 9
9612 6
9616 9
9620 6
9624 9
9628 6
9632 9
9636 7
9640 9
9644 7
9648 9
9652 7
9656 9
9660 7
9664 9
9668 7
9672 9
9676 8
9680 9
9684 8
9688 9
9692 8
9696 10
9700 8
9704 12
9708 8
9712 45
9716 -9
9720 -52
9724 40
9728 9
9732 9
9736 9
9740 11
9744 9
9748 8
9752 9
9756 9
9760 9
9764 10
9768 9
9772 10
9776 9
9780 10
9784 8
9788 11
9792 9
9796 11
9800 9
9804 11
9808 9
9812 12
9816 9
9820 12
9824 9
9828 12
9832 9
9836 13
9840 8
9844 13
9848 10
9852 14
9856 9
9860 14
9864 8
9868 14
9872 9
9876 15
9880 9
9884 15
9888 9
9892 15
9896 9
9900 16
9904 9
9908 16
9912 8
9916 16
9920 9
9924 17
9928 9
9932 18
9936 9
9940 18
9944 9
9948 19
9952 9
9956 20
9960 9
9964 20
9968 13
9972 22
9976 0
9980 21
9984 8
9988 22
9992 8
9996 24
10000 9
10004 25
10008 8
10012 25
10016 8
10020 26
10024 8
10028 28
10032 8
10036 29
10040 7
10044 30
10048 8
10052 31
10056 8
10060 33
10064 8
10068 34
10072 8
10076 36
10080 8
10084 38
10088 7
10092 40
10096 4
10100 41
10104 11
10108 49
10112 7
10116 49
10120 6
10124 52
10128 6
10132 58
10136 6
10140 62
10144 6
10148 68
10152 5
10156 75
10160 6
10164 85
10168 4
10172 96
10176 210
10180 3609
10184 247
10188 4353
10192 491
10196 5491
10200 1151
10204 7471
10208 3423
10212 11801
10216 15271
10220 26121
10224 261599
10228 236103
10232 -444248
10236 -379791
10240 -32761
10244 0
10248 361136
10252 -183496
10256 -5148
10260 -16485
10264 -128
10268 -4941
10272 3121
10276 -104349
10280 4384
10284 -79467
10288 4670
10292 -64579
10296 4686
10300 -54518
10304 148
10308 -1476
10312 147
10316 -1303
10320 146
10324 -1166
10328 145
10332 -1055
10336 145
10340 -963
10344 144
10348 -886
10352 142
10356 -817
10360 146
10364 -762
10368 4640
10372 -22873
10376 4628
10380 -21477
10384 4574
10388 -20262
10392 4593
10396 -19131
10400 4604
10404 -18127
10408 4599
10412 -17230
10416 4592
10420 -16409
10424 4572
10428 -15641
10432 4588
10436 -14948
10440 4592
10444 -14317
10448 4586
10452 -13726
10456 4583
10460 -13184
10464 4587
10468 -12695
10472 4592
10476 -12239
10480 4698
10484 -11924
10488 4433
10492 -11434
10496 143
10500 -342
10504 142
10508 -330
10512 141
10516 -320
10520 142
10524 -309
10528 142
10532 -300
10536 142
10540 -290
10544 142
10548 -282
10552 141
10556 -273
10560 142
10564 -265
10568 142
10572 -257
10576 142
10580 -250
10584 142
10588 -244
10592 142
10596 -237
10600 141
10604 -230
10608 141
10612 -223
10616 142
10620 -217
10624 142
10628 -213
10632 142
10636 -208
10640 142
10644 -203
10648 143
10652 -197
10656 143
10660 -193
10664 143
10668 -188
10672 143
10676 -184
10680 143
10684 -180
10688 144
10692 -176
10696 144
10700 -173
10704 144
10708 -169
10712 145
10716 -167
10720 147
10724 -166
10728 149
10732 -168
10736 183
10740 -195
10744 113
10748 -181
10752 4536
10756 -4483
10760 4502
10764 -4387
10768 4482
10772 -4211
10776 4504
10780 -4152
10784 4507
10788 -4054
10792 4508
10796 -3958
10800 4512
10804 -3858
10808 4500
10812 -3762
10816 4515
10820 -3662
10824 4517
10828 -3572
10832 4504
10836 -3473
10840 4509
10844 -3390
10848 4505
10852 -3294
10856 4507
10860 -3204
10864 4469
10868 -3119
10872 4512
10876 -3012
10880 4518
10884 -2967
10888 4514
10892 -2881
10896 4516
10900 -2821
10904 4523
10908 -2733
10912 4526
10916 -2653
10920 4524
10924 -2576
10928 4532
10932 -2503
10936 4533
10940 -2424
10944 4531
10948 -2354
10952 4528
10956 -2286
10960 4528
10964 -2209
10968 4540
10972 -2146
10976 4546
10980 -2080
10984 4558
10988 -2004
10992 4618
10996 -1945
11000 4529
11004 -1932
11008 4532
11012 -1785
11016 4532
11020 -1737
11024 4521
11028 -1677
11032 4536
11036 -1597
11040 4538
11044 -1525
11048 4544
11052 -1469
11056 4544
11060 -1404
11064 4536
11068 -1344
11072 4542
11076 -1268
11080 4542
11084 -1209
11088 4546
11092 -1146
11096 4542
11100 -1078
11104 4547
11108 -1016
11112 4547
11116 -947
11120 4526
11124 -883
11128 4549
11132 -793
11136 4565
11140 -738
11144 4575
11148 -679
11152 4578
11156 -622
11160 4591
11164 -538
11168 4600
11172 -462
11176 4610
11180 -388
11184 4622
11188 -303
11192 4640
11196 -225
11200 4642
11204 -136
11208 4671
11212 -20
11216 4701
11220 96
11224 4748
11228 249
11232 4814
11236 473
11240 4923
11244 901
11248 4950
11252 3821
11256 7416
11260 94
11264 4538
11268 0
11272 4554
11276 16
11280 4432
11284 -5
11288 4512
11292 104
11296 4525
11300 169
11304 4528
11308 229
11312 4530
11316 281
11320 4528
11324 326
11328 4515
11332 395
11336 4533
11340 447
11344 4525
11348 502
11352 4524
11356 561
11360 4525
11364 616
11368 4520
11372 672
11376 4492
11380 719
11384 4512
11388 804
11392 4528
11396 847
11400 4534
11404 913
11408 4536
11412 960
11416 4537
11420 1029
11424 4542
11428 1093
11432 4539
11436 1148
11440 4546
11444 1211
11448 4546
11452 1267
11456 4544
11460 1328
11464 4540
11468 1395
11472 4550
11476 1456
11480 4555
11484 1520
11488 4555
11492 1579
11496 4564
11500 1651
11504 4622
11508 1754
11512 4589
11516 1724
11520 4542
11524 1835
11528 4551
11532 1905
11536 4551
11540 1952
11544 4557
11548 2030
11552 4556
11556 2107
11560 4555
11564 2174
11568 4553
11572 2240
11576 4557
11580 2310
11584 4558
11588 2381
11592 4562
11596 2447
11600 4557
11604 2525
11608 4558
11612 2602
11616 4563
11620 2677
11624 4564
11628 2756
11632 4550
11636 2807
11640 4546
11644 2924
11648 4582
11652 3008
11656 4589
11660 3077
11664 4595
11668 3162
11672 4601
11676 3250
11680 4605
11684 3346
11688 4614
11692 3441
11696 4632
11700 3537
11704 4656
11708 3630
11712 4670
11716 3734
11720 4684
11724 3837
11728 4719
11732 3948
11736 4768
11740 4070
11744 4852
11748 4211
11752 5035
11756 4415
11760 6049
11764 5588
11768 5675
11772 3430
11776 142
11780 140
11784 142
11788 142
11792 140
11796 145
11800 141
11804 150
11808 141
11812 153
11816 142
11820 158
11824 142
11828 162
11832 142
11836 165
11840 141
11844 170
11848 141
11852 174
11856 141
11860 179
11864 141
11868 183
11872 141
11876 188
11880 141
11884 193
11888 141
11892 196
11896 140
11900 204
11904 141
11908 209
11912 142
11916 215
11920 142
11924 221
11928 141
11932 227
11936 142
11940 234
11944 141
11948 241
11952 142
11956 247
11960 142
11964 255
11968 141
11972 262
11976 142
11980 271
11984 141
11988 279
11992 142
11996 288
12000 142
12004 298
12008 142
12012 308
12016 143
12020 324
12024 146
12028 327
12032 4530
12036 10873
12040 4544
12044 11263
12048 4581
12052 11653
12056 4550
12060 12123
12064 4548
12068 12599
12072 4538
12076 13101
12080 4550
12084 13654
12088 4568
12092 14232
12096 4546
12100 14868
12104 4550
12108 15561
12112 4546
12116 16314
12120 4550
12124 17138
12128 4543
12132 18028
12136 4535
12140 19015
12144 4572
12148 20011
12152 4447
12156 21349
12160 141
12164 712
12168 141
12172 762
12176 143
12180 819
12184 141
12188 884
12192 141
12196 961
12200 141
12204 1053
12208 141
12212 1163
12216 142
12220 1298
12224 4466
12228 47096
12232 4413
12236 54358
12240 4269
12244 64348
12248 3862
12252 79199
12256 74
12260 3249
12264 -163
12268 4921
12272 -168284
12276 524119
12280 11192
12284 5806 