8208 -7296
8212 0
8192 16536
8196 0
8216 -5248
8220 -9344
8200 -5248
8204 9344
8240 -9344
8244 0
8224 24856
8228 0
8248 -7296
8252 -11392
8232 -7296
8236 11392
8272 -8320
8276 0
8256 20440
8260 0
8280 -6272
8284 -10368
8264 -6272
8268 10368
8304 -10368
8308 0
8288 29784
8292 0
8312 -8320
8316 -12416
8296 -8320
8300 12416
8336 -7808
8340 0
8320 18424
8324 0
8344 -5760
8348 -9856
8328 -5760
8332 9856
8368 -9856
8372 0
8352 27256
8356 0
8376 -7808
8380 -11904
8360 -7808
8364 11904
8400 -8832
8404 0
8384 22584
8388 0
8408 -6784
8412 -10880
8392 -6784
8396 10880
8432 -10880
8436 0
8416 32440
8420 0
8440 -8832
8444 -12928
8424 -8832
8428 12928
8464 -7552
8468 0
8448 17464
8452 0
8472 -5504
8476 -9600
8456 -5504
8460 9600
8496 -9600
8500 0
8480 26040
8484 0
8504 -7552
8508 -11648
8488 -7552
8492 11648
8528 -8576
8532 0
8512 21496
8516 0
8536 -6528
8540 -10624
8520 -6528
8524 10624
8560 -10624
8564 0
8544 31096
8548 0
8568 -8576
8572 -12672
8552 -8576
8556 12672
8592 -8064
8596 0
8576 19416
8580 0
8600 -6016
8604 -10112
8584 -6016
8588 10112
8624 -10112
8628 0
8608 28504
8612 0
8632 -8064
8636 -12160
8616 -8064
8620 12160
8656 -9088
8660 0
8640 23704
8644 0
8664 -7040
8668 -11136
8648 -7040
8652 11136
8688 -11136
8692 0
8672 33816
8676 0
8696 -9088
8700 -13184
8680 -9088
8684 13184
8720 -7424
8724 0
8704 16996
8708 0
8728 -5376
8732 -9472
8712 -5376
8716 9472
8752 -9472
8756 0
8736 25444
8740 0
8760 -7424
8764 -11520
8744 -7424
8748 11520
8784 -8448
8788 0
8768 20964
8772 0
8792 -6400
8796 -10496
8776 -6400
8780 10496
8816 -10496
8820 0
8800 30436
8804 0
8824 -8448
8828 -12544
8808 -8448
8812 12544
8848 -7936
8852 0
8832 18916
8836 0
8856 -5888
8860 -9984
8840 -5888
8844 9984
8880 -9984
8884 0
8864 27876
8868 0
8888 -7936
8892 -12032
8872 -7936
8876 12032
8912 -8960
8916 0
8896 23140
8900 0
8920 -6912
8924 -11008
8904 -6912
8908 11008
8944 -11008
8948 0
8928 33124
8932 0
8952 -8960
8956 -13056
8936 -8960
8940 13056
8976 -7680
8980 0
8960 17940
8964 0
8984 -5632
8988 -9728
8968 -5632
8972 9728
9008 -9728
9012 0
8992 26644
8996 0
9016 -7680
9020 -11776
9000 -7680
9004 11776
9040 -8704
9044 0
9024 22036
9028 0
9048 -6656
9052 -10752
9032 -6656
9036 10752
9072 -10752
9076 0
9056 31764
9060 0
9080 -8704
9084 -12800
9064 -8704
9068 12800
9104 -8192
9108 0
9088 19924
9092 0
9112 -6144
9116 -10240
9096 -6144
9100 10240
9136 -10240
9140 0
9120 29140
9124 0
9144 -8192
9148 -12288
9128 -8192
9132 12288
9168 -9216
9172 0
9152 24276
9156 0
9176 -7168
9180 -11264
9160 -7168
9164 11264
9200 -11264
9204 0
9184 34516
9188 0
9208 -9216
9212 -13312
9192 -9216
9196 13312
9232 -7360
9236 0
9216 16764
9220 0
9240 -5312
9244 -9408
9224 -5312
9228 9408
9264 -9408
9268 0
9248 25148
9252 0
9272 -7360
9276 -11456
9256 -7360
9260 11456
9296 -8384
9300 0
9280 20700
9284 0
9304 -6336
9308 -10432
9288 -6336
9292 10432
9328 -10432
9332 0
9312 30108
9316 0
9336 -8384
9340 -12480
9320 -8384
9324 12480
9360 -7872
9364 0
9344 18668
9348 0
9368 -5824
9372 -9920
9352 -5824
9356 9920
9392 -9920
9396 0
9376 27564
9380 0
9400 -7872
9404 -11968
9384 -7872
9388 11968
9424 -8896
9428 0
9408 22860
9412 0
9432 -6848
9436 -10944
9416 -6848
9420 10944
9456 -10944
9460 0
9440 32780
9444 0
9464 -8896
9468 -12992
9448 -8896
9452 12992
9488 -7616
9492 0
9472 17700
9476 0
9496 -5568
9500 -9664
9480 -5568
9484 9664
9520 -9664
9524 0
9504 26340
9508 0
9528 -7616
9532 -11712
9512 -7616
9516 11712
9552 -8640
9556 0
9536 21764
9540 0
9560 -6592
9564 -10688
9544 -6592
9548 10688
9584 -10688
9588 0
9568 31428
9572 0
9592 -8640
9596 -12736
9576 -8640
9580 12736
9616 -8128
9620 0
9600 19668
9604 0
9624 -6080
9628 -10176
9608 -6080
9612 10176
9648 -10176
9652 0
9632 28820
9636 0
9656 -8128
9660 -12224
9640 -8128
9644 12224
9680 -9152
9684 0
9664 23988
9668 0
9688 -7104
9692 -11200
9672 -7104
9676 11200
9712 -11200
9716 0
9696 34164
9700 0
9720 -9152
9724 -13248
9704 -9152
9708 13248
9744 -7488
9748 0
9728 17228
9732 0
9752 -5440
9756 -9536
9736 -5440
9740 9536
9776 -9536
9780 0
9760 25740
9764 0
9784 -7488
9788 -11584
9768 -7488
9772 11584
9808 -8512
9812 0
9792 21228
9796 0
9816 -6464
9820 -10560
9800 -6464
9804 10560
9840 -10560
9844 0
9824 30764
9828 0
9848 -8512
9852 -12608
9832 -8512
9836 12608
9872 -8000
9876 0
9856 19164
9860 0
9880 -5952
9884 -10048
9864 -5952
9868 10048
9904 -10048
9908 0
9888 28188
9892 0
9912 -8000
9916 -12096
9896 -8000
9900 12096
9936 -9024
9940 0
9920 23420
9924 0
9944 -6976
9948 -11072
9928 -6976
9932 11072
9968 -11072
9972 0
9952 33468
9956 0
9976 -9024
9980 -13120
9960 -9024
9964 13120
10000 -7744
10004 0
9984 18180
9988 0
10008 -5696
10012 -9792
9992 -5696
9996 9792
10032 -9792
10036 0
10016 26948
10020 0
10040 -7744
10044 -11840
10024 -7744
10028 11840
10064 -8768
10068 0
10048 22308
10052 0
10072 -6720
10076 -10816
10056 -6720
10060 10816
10096 -10816
10100 0
10080 32100
10084 0
10104 -8768
10108 -12864
10088 -8768
10092 12864
10128 -8256
10132 0
10112 20180
10116 0
10136 -6208
10140 -10304
10120 -6208
10124 10304
10160 -10304
10164 0
10144 29460
10148 0
10168 -8256
10172 -12352
10152 -8256
10156 12352
10192 -9280
10196 0
10176 24564
10180 0
10200 -7232
10204 -11328
10184 -7232
10188 11328
10224 -11328
10228 0
10208 34868
10212 0
10232 -9280
10236 -13376
10216 -9280
10220 13376
10256 -7208
10260 0
10240 15996
10244 0
10264 -5036
10268 -8816
10248 -5036
10252 8816
10288 -10318
10292 0
10272 25278
10276 0
10296 -6946
10300 -12372
10280 -6946
10284 12372
10320 -8242
10324 0
10304 19858
10308 0
10328 -5996
10332 -9736
10312 -5996
10316 9736
10352 -11433
10356 0
10336 30257
10340 0
10360 -7886
10364 -13541
10344 -7886
10348 13541
10384 -7724
10388 0
10368 17862
10372 0
10392 -5517
10396 -9277
10376 -5517
10380 9277
10416 -10875
10420 0
10400 27703
10404 0
10424 -7418
10428 -12955
10408 -7418
10412 12955
10448 -8759
10452 0
10432 21983
10436 0
10456 -6472
10460 -10191
10440 -6472
10444 10191
10480 -11992
10484 0
10464 32940
10468 0
10488 -8352
10492 -14130
10472 -8352
10476 14130
10512 -7466
10516 0
10496 16912
10500 0
10520 -5277
10524 -9047
10504 -5277
10508 9047
10544 -10595
10548 0
10528 26475
10532 0
10552 -7182
10556 -12663
10536 -7182
10540 12663
10576 -8500
10580 0
10560 20904
10564 0
10584 -6234
10588 -9964
10568 -6234
10572 9964
10608 -11712
10612 0
10592 31582
10596 0
10616 -8119
10620 -13835
10600 -8119
10604 13835
10640 -7984
10644 0
10624 18844
10628 0
10648 -5756
10652 -9506
10632 -5756
10636 9506
10672 -11155
10676 0
10656 28963
10660 0
10680 -7652
10684 -13249
10664 -7652
10668 13249
10704 -9018
10708 0
10688 23094
10692 0
10712 -6710
10716 -10418
10696 -6710
10700 10418
10736 -12270
10740 0
10720 34330
10724 0
10744 -8584
10748 -14426
10728 -8584
10732 14426
10768 -7337
10772 0
10752 16449
10756 0
10776 -5156
10780 -8931
10760 -5156
10764 8931
10800 -10456
10804 0
10784 25872
10788 0
10808 -7064
10812 -12518
10792 -7064
10796 12518
10832 -8371
10836 0
10816 20377
10820 0
10840 -6115
10844 -9850
10824 -6115
10828 9850
10864 -11573
10868 0
10848 30915
10852 0
10872 -8003
10876 -13688
10856 -8003
10860 13688
10896 -7855
10900 0
10880 18349
10884 0
10904 -5637
10908 -9392
10888 -5637
10892 9392
10928 -11015
10932 0
10912 28329
10916 0
10936 -7535
10940 -13102
10920 -7535
10924 13102
10960 -8888
10964 0
10944 22534
10948 0
10968 -6591
10972 -10305
10952 -6591
10956 10305
10992 -12130
10996 0
10976 33630
10980 0
11000 -8468
11004 -14278
10984 -8468
10988 14278
11024 -7596
11028 0
11008 17384
11012 0
11032 -5396
11036 -9162
11016 -5396
11020 9162
11056 -10736
11060 0
11040 27084
11044 0
11064 -7300
11068 -12810
11048 -7300
11052 12810
11088 -8630
11092 0
11072 21440
11076 0
11096 -6353
11100 -10077
11080 -6353
11084 10077
11120 -11853
11124 0
11104 32257
11108 0
11128 -8236
11132 -13983
11112 -8236
11116 13983
11152 -8112
11156 0
11136 19346
11140 0
11160 -5877
11164 -9621
11144 -5877
11148 9621
11184 -11292
11188 0
11168 29606
11172 0
11192 -7769
11196 -13395
11176 -7769
11180 13395
11216 -10509
11220 0
11200 25025
11204 0
11224 -6828
11228 -11895
11208 -6828
11212 11895
11248 -12409
11252 0
11232 35037
11236 0
11256 -8700
11260 -14573
11240 -8700
11244 14573
11280 -7600
11284 0
11264 17660
11268 0
11288 -5640
11292 -10136
11272 -5640
11276 10136
11312 -8622
11316 0
11296 25248
11300 0
11320 -7867
11324 -10701
11304 -7867
11308 10701
11344 -8634
11348 0
11328 21718
11332 0
11352 -6748
11356 -11286
11336 -6748
11340 11286
11376 -9575
11380 0
11360 30259
11364 0
11384 -8996
11388 -11599
11368 -8996
11372 11599
11408 -8118
11412 0
11392 19624
11396 0
11416 -6193
11420 -10709
11400 -6193
11404 10709
11440 -9099
11444 0
11424 27689
11428 0
11448 -8431
11452 -11152
11432 -8431
11436 11152
11472 -9151
11476 0
11456 23941
11460 0
11480 -7307
11484 -11864
11464 -7307
11468 11864
11504 -10052
11508 0
11488 32958
11492 0
11512 -9565
11516 -12045
11496 -9565
11500 12045
11536 -7858
11540 0
11520 18626
11524 0
11544 -5916
11548 -10422
11528 -5916
11532 10422
11568 -8861
11572 0
11552 26451
11556 0
11576 -8149
11580 -10926
11560 -8149
11564 10926
11600 -8892
11604 0
11584 22814
11588 0
11608 -7027
11612 -11575
11592 -7027
11596 11575
11632 -9813
11636 0
11616 31593
11620 0
11640 -9280
11644 -11823
11624 -9280
11628 11823
11664 -8375
11668 0
11648 20655
11652 0
11672 -6470
11676 -10997
11656 -6470
11660 10997
11696 -9336
11700 0
11680 28958
11684 0
11704 -8713
11708 -11375
11688 -8713
11692 11375
11728 -9411
11732 0
11712 25101
11716 0
11736 -7587
11740 -12154
11720 -7587
11724 12154
11760 -10289
11764 0
11744 34357
11748 0
11768 -9850
11772 -12267
11752 -9850
11756 12267
11792 -7729
11796 0
11776 18137
11780 0
11800 -5778
11804 -10279
11784 -5778
11788 10279
11824 -8742
11828 0
11808 25846
11812 0
11832 -8008
11836 -10814
11816 -8008
11820 10814
11856 -8763
11860 0
11840 22261
11844 0
11864 -6887
11868 -11430
11848 -6887
11852 11430
11888 -9693
11892 0
11872 30921
11876 0
11896 -9138
11900 -11711
11880 -9138
11884 11711
11920 -8247
11924 0
11904 20135
11908 0
11928 -6332
11932 -10853
11912 -6332
11916 10853
11952 -9218
11956 0
11936 28318
11940 0
11960 -8572
11964 -11264
11944 -8572
11948 11264
11984 -9281
11988 0
11968 24517
11972 0
11992 -7446
11996 -12009
11976 -7446
11980 12009
12016 -10171
12020 0
12000 33653
12004 0
12024 -9707
12028 -12156
12008 -9707
12012 12156
12048 -7988
12052 0
12032 19120
12036 0
12056 -6054
12060 -10566
12040 -6054
12044 10566
12080 -8980
12084 0
12064 27066
12068 0
12088 -8289
12092 -11039
12072 -8289
12076 11039
12112 -9022
12116 0
12096 23372
12100 0
12120 -7167
12124 -11719
12104 -7167
12108 11719
12144 -9933
12148 0
12128 32271
12132 0
12152 -9423
12156 -11934
12136 -9423
12140 11934
12176 -8504
12180 0
12160 21182
12164 0
12184 -6609
12188 -11141
12168 -6609
12172 11141
12208 -9456
12212 0
12192 29604
12196 0
12216 -8854
12220 -11488
12200 -8854
12204 11488
12240 -8503
12244 0
12224 24657
12228 0
12248 -7727
12252 -10588
12232 -7727
12236 10588
12272 -10408
12276 0
12256 35066
12260 0
12280 -9993
12284 -12377
12264 -9993
12268 12377
8208 8553
8212 0
8192 21387
8196 0
8216 -6486
8220 -6233
8200 -6486
8204 6233
8240 7226
8244 0
8224 20898
8228 0
8248 -9124
8252 1168
8232 -9124
8236 -1168
8272 11084
8276 0
8256 21324
8260 0
8280 -8214
8284 -2724
8264 -8214
8268 2724
8304 -588
8308 0
8288 20676
8292 0
8312 -8516
8316 4596
8296 -8516
8300 -4596
8336 10651
8340 0
8320 21447
8324 0
8344 -7395
8348 -4584
8328 -7395
8332 4584
8368 3562
8372 0
8352 20740
8356 0
8376 -9035
8380 2981
8360 -9035
8364 -2981
8400 9867
8404 0
8384 21115
8388 0
8408 -8825
8412 -768
8392 -8825
8396 768
8432 -4624
8436 0
8416 20702
8420 0
8440 -7569
8444 5967
8424 -7569
8428 -5967
8464 9804
8468 0
8448 21444
8452 0
8472 -6944
8476 -5442
8456 -6944
8460 5442
8496 5491
8500 0
8480 20809
8484 0
8504 -9132
8508 2095
8488 -9132
8492 -2095
8528 10673
8532 0
8512 21225
8516 0
8536 -8553
8540 -1750
8520 -8553
8524 1750
8560 -2658
8564 0
8544 20680
8548 0
8568 -8095
8572 5313
8552 -8095
8556 -5313
8592 11080
8596 0
8576 21402
8580 0
8600 -7823
8604 -3673
8584 -7823
8588 3673
8624 1511
8628 0
8608 20697
8612 0
8632 -8830
8636 3817
8616 -8830
8620 -3817
8656 8703
8660 0
8640 21003
8644 0
8664 -9019
8668 210
8648 -9019
8652 -210
8688 -6410
8692 0
8672 20740
8676 0
8696 -6945
8700 6559
8680 -6945
8684 -6559
8720 9227
8724 0
8704 21423
8708 0
8728 -6715
8732 -5846
8712 -6715
8716 5846
8752 6387
8756 0
8736 20851
8740 0
8760 -9141
8764 1636
8744 -9141
8748 -1636
8784 10929
8788 0
8768 21277
8772 0
8792 -8391
8796 -2240
8776 -8391
8780 2240
8816 -1632
8820 0
8800 20676
8804 0
8824 -8318
8828 4962
8808 -8318
8812 -4962
8848 10919
8852 0
8832 21429
8836 0
8856 -7612
8860 -4135
8840 -7612
8844 4135
8880 2548
8884 0
8864 20716
8868 0
8888 -8946
8892 3406
8872 -8946
8876 -3406
8912 9328
8916 0
8896 21058
8900 0
8920 -8933
8924 -277
8904 -8933
8908 277
8944 -5544
8948 0
8928 20720
8932 0
8952 -7268
8956 6270
8936 -7268
8940 -6270
8976 10279
8980 0
8960 21451
8964 0
8984 -7171
8988 -5020
8968 -7171
8972 5020
9008 4546
9012 0
8992 20772
8996 0
9016 -9097
9020 2545
9000 -9097
9004 -2545
9040 10317
9044 0
9024 21171
9028 0
9048 -8698
9052 -1259
9032 -8698
9036 1259
9072 -3659
9076 0
9056 20689
9060 0
9080 -7845
9084 5648
9064 -7845
9068 -5648
9104 11134
9108 0
9088 21366
9092 0
9112 -8024
9116 -3202
9096 -8024
9100 3202
9136 463
9140 0
9120 20683
9124 0
9144 -8687
9148 4214
9128 -8687
9132 -4214
9168 8001
9172 0
9152 20949
9156 0
9176 -9083
9180 692
9160 -9083
9164 -692
9200 -7215
9204 0
9184 20761
9188 0
9208 -6599
9212 6832
9192 -6599
9196 -6832
9232 8903
9236 0
9216 21407
9220 0
9240 -6601
9244 -6042
9224 -6601
9228 6042
9264 6814
9268 0
9248 20874
9252 0
9272 -9136
9276 1404
9256 -9136
9260 -1404
9296 11019
9300 0
9280 21301
9284 0
9304 -8304
9308 -2483
9288 -8304
9292 2483
9328 -1111
9332 0
9312 20675
9316 0
9336 -8420
9340 4781
9320 -8420
9324 -4781
9360 10799
9364 0
9344 21439
9348 0
9368 -7505
9372 -4360
9352 -7505
9356 4360
9392 3059
9396 0
9376 20727
9380 0
9400 -8993
9404 3196
9384 -8993
9388 -3196
9424 9608
9428 0
9408 21086
9412 0
9432 -8881
9436 -523
9416 -8881
9420 523
9456 -5091
9460 0
9440 20711
9444 0
9464 -7422
9468 6121
9448 -7422
9452 -6121
9488 10055
9492 0
9472 21449
9476 0
9496 -7058
9500 -5233
9480 -7058
9484 5233
9520 5024
9524 0
9504 20790
9508 0
9528 -9117
9532 2321
9512 -9117
9516 -2321
9552 10508
9556 0
9536 21198
9540 0
9560 -8627
9564 -1505
9544 -8627
9548 1505
9584 -3162
9588 0
9568 20684
9572 0
9592 -7973
9596 5483
9576 -7973
9580 -5483
9616 11120
9620 0
9600 21386
9604 0
9624 -7925
9628 -3439
9608 -7925
9612 3439
9648 988
9652 0
9632 20688
9636 0
9656 -8762
9660 4018
9640 -8762
9644 -4018
9680 8361
9684 0
9664 20975
9668 0
9688 -9054
9692 451
9672 -9054
9676 -451
9712 -6820
9716 0
9696 20750
9700 0
9720 -6775
9724 6697
9704 -6775
9708 -6697
9744 9528
9748 0
9728 21436
9732 0
9752 -6830
9756 -5646
9736 -6830
9740 5646
9776 5945
9780 0
9760 20829
9764 0
9784 -9139
9788 1868
9768 -9139
9772 -1868
9808 10813
9812 0
9792 21251
9796 0
9816 -8474
9820 -1995
9800 -8474
9804 1995
9840 -2148
9844 0
9824 20676
9828 0
9848 -8210
9852 5140
9832 -8210
9836 -5140
9872 11013
9876 0
9856 21417
9860 0
9880 -7719
9884 -3906
9864 -7719
9868 3906
9904 2031
9908 0
9888 20705
9892 0
9912 -8892
9916 3613
9896 -8892
9900 -3613
9936 9026
9940 0
9920 21030
9924 0
9944 -8978
9948 -34
9928 -8978
9932 34
9968 -5985
9972 0
9952 20729
9956 0
9976 -7110
9980 6417
9960 -7110
9964 -6417
10000 10478
10004 0
9984 21450
9988 0
10008 -7284
10012 -4804
9992 -7284
9996 4804
10032 4059
10036 0
10016 20755
10020 0
10040 -9069
10044 2764
10024 -9069
10028 -2764
10064 10104
10068 0
10048 21142
10052 0
10072 -8763
10076 -1013
10056 -8763
10060 1013
10096 -4147
10100 0
10080 20695
10084 0
10104 -7710
10108 5809
10088 -7710
10092 -5809
10128 11122
10132 0
10112 21346
10116 0
10136 -8120
10140 -2964
10120 -8120
10124 2964
10160 -63
10164 0
10144 20679
10148 0
10168 -8604
10172 4407
10152 -8604
10156 -4407
10192 7621
10196 0
10176 20923
10180 0
10200 -9106
10204 931
10184 -9106
10188 -931
10224 -7590
10228 0
10208 20772
10212 0
10232 -6419
10236 6963
10216 -6419
10220 -6963
10256 -739
10260 0
10240 -11939
10244 0
10264 9991
10268 1150
10248 9991
10252 -1150
10288 15171
10292 0
10272 -16403
10276 0
10296 6836
10300 -1245
10280 6836
10284 1245
10320 8422
10324 0
10304 -13818
10308 0
10328 9104
10332 -628
10312 9104
10316 628
10352 15919
10356 0
10336 -19093
10340 0
10360 3879
10364 -1084
10344 3879
10348 1084
10384 3851
10388 0
10368 -12773
10372 0
10392 9745
10396 114
10376 9745
10380 -114
10416 16424
10420 0
10400 -17788
10404 0
10424 5386
10428 -1218
10408 5386
10412 1218
10448 12371
10452 0
10432 -15049
10436 0
10456 8109
10460 -1070
10440 8109
10444 1070
10480 13642
10484 0
10464 -20202
10468 0
10488 2432
10492 -950
10472 2432
10476 950
10512 1521
10516 0
10496 -12329
10500 0
10520 9918
10524 597
10504 9918
10508 -597
10544 16009
10548 0
10528 -17097
10532 0
10552 6126
10556 -1251
10536 6126
10540 1251
10576 10510
10580 0
10560 -14412
10564 0
10584 8647
10588 -885
10568 8647
10572 885
10608 14993
10612 0
10592 -19679
10596 0
10616 3141
10620 -1010
10600 3141
10604 1010
10640 6177
10644 0
10624 -13269
10628 0
10648 9472
10652 -295
10632 9472
10636 295
10672 16397
10676 0
10656 -18459
10660 0
10680 4633
10684 -1158
10664 4633
10668 1158
10704 13944
10708 0
10688 -15716
10692 0
10712 7502
10716 -1188
10696 7502
10700 1188
10736 11899
10740 0
10720 -20649
10724 0
10744 1765
10748 -918
10728 1765
10732 918
10768 378
10772 0
10752 -12128
10756 0
10776 9967
10780 865
10760 9967
10764 -865
10800 15641
10804 0
10784 -16751
10788 0
10808 6485
10812 -1254
10792 6485
10796 1254
10832 9490
10836 0
10816 -14110
10820 0
10840 8886
10844 -766
10824 8886
10828 766
10864 15511
10868 0
10848 -19393
10852 0
10872 3507
10876 -1046
10856 3507
10860 1046
10896 5020
10900 0
10880 -13014
10884 0
10904 9621
10908 -99
10888 9621
10892 99
10928 16466
10932 0
10912 -18126
10916 0
10936 5010
10940 -1190
10920 5010
10924 1190
10960 13197
10964 0
10944 -15379
10948 0
10968 7813
10972 -1136
10952 7813
10956 1136
10992 12818
10996 0
10976 -20436
10980 0
11000 2091
11004 -929
10984 2091
10988 929
11024 2682
11028 0
11008 -12544
11012 0
11032 9845
11036 347
11016 9845
11020 -347
11056 16271
11060 0
11040 -17445
11044 0
11064 5759
11068 -1238
11048 5759
11052 1238
11088 11472
11092 0
11072 -14726
11076 0
11096 8387
11100 -987
11080 8387
11084 987
11120 14370
11124 0
11104 -19950
11108 0
11128 2782
11132 -978
11112 2782
11116 978
11152 7313
11156 0
11136 -13537
11140 0
11160 9300
11164 -471
11144 9300
11148 471
11184 16213
11188 0
11168 -18781
11172 0
11192 4254
11196 -1121
11176 4254
11180 1121
11216 14604
11220 0
11200 -16058
11204 0
11224 7175
11228 -1223
11208 7175
11212 1223
11248 10892
11252 0
11232 -20840
11236 0
11256 1450
11260 -916
11240 1450
11244 916
11280 -184
11284 0
11264 -12032
11268 0
11288 9982
11292 1006
11272 9982
11276 -1006
11312 15418
11316 0
11296 -16576
11300 0
11320 6661
11324 -1251
11304 6661
11308 1251
11344 8962
11348 0
11328 -13962
11332 0
11352 8998
11356 -700
11336 8998
11340 700
11376 15728
11380 0
11360 -19246
11364 0
11384 3693
11388 -1065
11368 3693
11372 1065
11408 4436
11412 0
11392 -12892
11396 0
11416 9686
11420 6
11400 9686
11404 -6
11440 16460
11444 0
11424 -17958
11428 0
11448 5199
11452 -1205
11432 5199
11436 1205
11472 12795
11476 0
11456 -15213
11460 0
11480 7963
11484 -1106
11464 7963
11468 1106
11504 13243
11508 0
11488 -20323
11492 0
11512 2260
11516 -939
11496 2260
11500 939
11536 2101
11540 0
11520 -12435
11524 0
11544 9885
11548 470
11528 9885
11532 -470
11568 16153
11572 0
11552 -17271
11556 0
11576 5943
11580 -1246
11560 5943
11564 1246
11600 10999
11604 0
11584 -14569
11588 0
11608 8519
11612 -938
11592 8519
11596 938
11632 14695
11636 0
11616 -19817
11620 0
11640 2961
11644 -994
11624 2961
11628 994
11664 6748
11668 0
11648 -13402
11652 0
11672 9389
11676 -385
11656 9389
11660 385
11696 16319
11700 0
11680 -18621
11684 0
11704 4443
11708 -1140
11688 4443
11692 1140
11728 14285
11732 0
11712 -15885
11716 0
11736 7340
11740 -1207
11720 7340
11724 1207
11760 11407
11764 0
11744 -20747
11748 0
11768 1606
11772 -915
11752 1606
11756 915
11792 947
11796 0
11776 -12227
11780 0
11800 9946
11804 729
11784 9946
11788 -729
11824 15838
11828 0
11808 -16924
11812 0
11832 6307
11836 -1253
11816 6307
11820 1253
11856 10007
11860 0
11840 -14261
11844 0
11864 8769
11868 -828
11848 8769
11852 828
11888 15265
11892 0
11872 -19539
11876 0
11896 3323
11900 -1028
11880 3323
11884 1028
11920 5600
11924 0
11904 -13140
11908 0
11928 9550
11932 -200
11912 9550
11916 200
11952 16445
11956 0
11936 -18293
11940 0
11960 4822
11964 -1175
11944 4822
11948 1175
11984 13581
11988 0
11968 -15547
11972 0
11992 7659
11996 -1164
11976 7659
11980 1164
12016 12369
12020 0
12000 -20545
12004 0
12024 1926
12028 -923
12008 1926
12012 923
12048 3266
12052 0
12032 -12656
12036 0
12056 9797
12060 229
12040 9797
12044 -229
12080 16362
12084 0
12064 -17616
12068 0
12088 5573
12092 -1229
12072 5573
12076 1229
12112 11931
12116 0
12096 -14887
12100 0
12120 8250
12124 -1031
12104 8250
12108 1031
12144 14019
12148 0
12128 -20079
12132 0
12152 2606
12156 -963
12136 2606
12140 963
12176 7873
12180 0
12160 -13675
12164 0
12184 9205
12188 -552
12168 9205
12172 552
12208 16079
12212 0
12192 -18939
12196 0
12216 4066
12220 -1103
12200 4066
12204 1103
12240 14899
12244 0
12224 -16229
12228 0
12248 7007
12252 -1236
12232 7007
12236 1236
12272 10357
12276 0
12256 -20925
12260 0
12280 1298
12284 -919
12264 1298
12268 919 