8192 1593984
8196 0
8200 1612544
8204 0
8208 -18560
8212 0
8216 26
8220 18478
8224 -18492
8228 18688
8232 150
8236 26270
8240 -18372
8244 -18688
8248 -230
8252 26064
8256 -17866
8260 45052
8264 726
8268 48568
8272 -18470
8276 -7716
8280 -44
8284 19914
8288 -18674
8292 7802
8296 88
8300 20180
8304 -17694
8308 -45138
8312 -1044
8316 48196
8320 -15332
8324 93810
8328 3226
8332 95428
8336 -18488
8340 -3674
8344 24
8348 18760
8352 -18544
8356 12522
8360 126
8364 22334
8368 -18220
8372 -27930
8376 -408
8380 33160
8384 -18324
8388 27966
8392 306
8396 33454
8400 -18464
8404 -12474
8408 -108
8412 22164
8416 -18946
8420 3860
8424 120
8428 19262
8432 -14994
8436 -94080
8440 -4036
8444 94628
8448 -5376
8452 189602
8456 13170
8460 190312
8464 -18504
8468 -1798
8472 48
8476 18504
8480 -18510
8484 15370
8488 154
8492 24024
8496 -18330
8500 -22742
8504 -278
8508 29046
8512 -18148
8516 34936
8520 470
8524 39418
8528 -18480
8532 -9964
8536 -64
8540 20884
8544 -18762
8548 5764
8552 98
8556 19566
8560 -17010
8564 -61664
8568 -1832
8572 63568
8576 -17168
8580 61458
8584 1396
8588 64008
8592 -18464
8596 -5626
8600 -2
8604 19204
8608 -18586
8612 10032
8616 110
8620 21072
8624 -18030
8628 -34912
8632 -620
8636 39080
8640 -18462
8644 22822
8648 212
8652 29354
8656 -18470
8660 -15366
8664 -160
8668 23900
8672 -19448
8676 2112
8680 230
8684 19476
8688 -4492
8692 -190024
8696 -14998
8700 188342
8704 34418
8708 380248
8712 52922
8716 380518
8720 -18482
8724 -904
8728 26
8732 18416
8736 -18480
8740 16962
8744 168
8748 25056
8752 -18368
8756 -20578
8760 -228
8764 27432
8768 -18014
8772 39476
8776 592
8780 43466
8784 -18478
8788 -8804
8792 -46
8796 20364
8800 -18712
8804 6768
8808 98
8812 19834
8816 -17452
8820 -52256
8824 -1338
8828 54764
8832 -16518
8836 74466
8840 2042
8844 76550
8848 -18478
8852 -4638
8856 10
8860 18956
8864 -18564
8868 11244
8872 120
8876 21658
8880 -18144
8884 -31136
8888 -494
8892 35836
8896 -18390
8900 25214
8904 254
8908 31216
8912 -18458
8916 -13862
8920 -136
8924 22962
8928 -19110
8932 2962
8936 156
8940 19262
8944 -12242
8948 -126154
8952 -6936
8956 125790
8960 -12772
8964 125874
8968 5788
8972 127040
8976 -18508
8980 -2734
8984 34
8988 18614
8992 -18532
8996 13892
9000 132
9004 23120
9008 -18276
9012 -25168
9016 -340
9020 30928
9024 -18258
9028 31172
9032 368
9036 36158
9040 -18474
9044 -11188
9048 -90
9052 21482
9056 -18844
9060 4796
9064 100
9068 19378
9072 -16288
9076 -74708
9080 -2644
9084 75972
9088 -17528
9092 52052
9096 1012
9100 55062
9104 -18436
9108 -6628
9112 -16
9116 19492
9120 -18590
9124 8888
9128 112
9132 20552
9136 -17886
9140 -39416
9144 -772
9148 43034
9152 -18586
9156 20736
9160 166
9164 27834
9168 -18514
9172 -17044
9176 -196
9180 25024
9184 -20486
9188 1384
9192 410
9196 20440
9200 36506
9204 -380916
9208 -56652
9212 376024
9216 193594
9220 761160
9224 212074
9228 761258
9232 -18462
9236 -480
9240 4
9244 18378
9248 -18468
9252 17774
9256 146
9260 25604
9264 -18336
9268 -19590
9272 -238
9276 26684
9280 -17940
9284 42090
9288 650
9292 45842
9296 -18464
9300 -8250
9304 -42
9308 20124
9312 -18686
9316 7280
9320 88
9324 19982
9328 -17574
9332 -48448
9336 -1176
9340 51238
9344 -16008
9348 83056
9352 2550
9356 84904
9360 -18472
9364 -4152
9368 22
9372 18838
9376 -18546
9380 11870
9384 122
9388 21978
9392 -18182
9396 -29462
9400 -440
9404 34422
9408 -18344
9412 26530
9416 280
9420 32272
9424 -18456
9428 -13146
9432 -114
9436 22540
9440 -19018
9444 3404
9448 134
9452 19242
9456 -13902
9460 -107812
9464 -5186
9468 107936
9472 -10162
9476 151380
9480 8408
9484 152336
9488 -18506
9492 -2268
9496 38
9500 18556
9504 -18522
9508 14610
9512 134
9516 23556
9520 -18298
9524 -23914
9528 -312
9532 29946
9536 -18202
9540 32968
9544 416
9548 37698
9552 -18470
9556 -10564
9560 -76
9564 21168
9568 -18796
9572 5274
9576 100
9580 19454
9584 -16692
9588 -67598
9592 -2190
9596 69192
9600 -17364
9604 56402
9608 1186
9612 59186
9616 -18452
9620 -6122
9624 -10
9628 19346
9632 -18582
9636 9452
9640 110
9644 20796
9648 -17962
9652 -37052
9656 -696
9660 40942
9664 -18500
9668 21736
9672 198
9676 28536
9680 -18480
9684 -16164
9688 -174
9692 24416
9696 -19788
9700 1736
9704 310
9708 19772
9712 6168
9716 -253684
9720 -25898
9724 250888
9728 4894
9732 253170
9736 23406
9740 253676
9744 -18486
9748 -1350
9752 34
9756 18446
9760 -18504
9764 16144
9768 150
9772 24524
9776 -18344
9780 -21636
9784 -262
9788 28206
9792 -18090
9796 37088
9800 522
9804 41320
9808 -18470
9812 -9376
9816 -56
9820 20604
9824 -18734
9828 6254
9832 92
9836 19684
9840 -17242
9844 -56598
9848 -1574
9852 58804
9856 -16884
9860 67376
9864 1674
9868 69690
9872 -18472
9876 -5128
9880 4
9884 19078
9888 -18568
9892 10626
9896 114
9900 21350
9904 -18092
9908 -32938
9912 -550
9916 37372
9920 -18424
9924 23968
9928 228
9932 30236
9936 -18456
9940 -14592
9944 -148
9948 23406
9952 -19236
9956 2530
9960 186
9964 19320
9968 -9500
9972 -151730
9976 -9828
9980 150810
9984 -14346
9988 107664
9992 4236
9996 109066
10000 -18514
10004 -3204
10008 28
10012 18692
10016 -18562
10020 13204
10024 126
10028 22742
10032 -18266
10036 -26528
10040 -370
10044 32030
10048 -18314
10052 29526
10056 328
10060 34774
10064 -18486
10068 -11838
10072 -106
10076 21826
10080 -18900
10084 4324
10088 100
10092 19324
10096 -15748
10100 -83420
10104 -3246
10108 84330
10112 -17558
10116 48248
10120 970
10124 51462
10128 -18426
10132 -7108
10136 18
10140 19652
10144 -18562
10148 8362
10152 146
10156 20302
10160 -17854
10164 -41974
10168 -788
10172 45344
10176 -18766
10180 19894
10184 134
10188 27330
10192 -18638
10196 -18074
10200 -242
10204 25816
10208 -22730
10212 890
10216 366
10220 22630
10224 198406
10228 -761790
10232 -218856
10236 750696
10240 23474
10244 0
10248 77800
10252 0
10256 -21306
10260 0
10264 24
10268 16756
10272 -18524
10276 21448
10280 -1302
10284 25314
10288 -18384
10292 -21448
10296 1220
10300 25116
10304 -15964
10308 47044
10312 -1166
10316 48704
10320 -20416
10324 -9652
10328 740
10332 18404
10336 -20636
10340 9732
10344 -686
10348 18662
10352 -15776
10356 -47124
10360 838
10364 48348
10368 -12812
10372 94992
10376 1230
10380 96848
10384 -21028
10388 -4724
10392 422
10396 17112
10400 -19626
10404 15062
10408 -1012
10412 21040
10416 -17190
10420 -30490
10424 1292
10428 32662
10432 -17308
10436 30530
10440 -1400
10444 32944
10448 -19532
10452 -15014
10456 1032
10460 20878
10464 -21506
10468 4894
10472 -268
10476 17610
10480 -7422
10484 -2586
10488 -7096
10492 3394
10496 -11552
10500 24749
10504 11718
10508 -12769
10512 -17924
10516 -1470
10520 -160
10524 18822
10528 -20062
10532 14436
10536 1436
10540 23404
10544 -20942
10548 -22636
10552 -1842
10556 27648
10560 -21720
10564 36624
10568 2246
10572 36754
10576 -19048
10580 -8820
10584 -1028
10588 20758
10592 -18608
10596 4902
10600 680
10604 19716
10608 -21248
10612 -67122
10616 -3656
10620 58278
10624 -21402
10628 66888
10632 3266
10636 58698
10640 -18290
10644 -4740
10648 -602
10652 19376
10656 -19154
10660 8896
10664 1068
10668 20942
10672 -21602
10676 -36596
10680 -2384
10684 36424
10688 -21082
10692 22724
10696 1784
10700 27956
10704 -20034
10708 -14432
10712 -1448
10716 23278
10720 -18952
10724 1842
10728 392
10732 19718
10736 -11850
10740 -25893
10744 -12098
10748 -13951
10752 14689
10756 30535
10760 -11967
10764 -6465
10768 -19318
10772 -2636
10776 1044
10780 17840
10784 -21302
10788 18692
10792 300
10796 22770
10800 -17858
10804 -20452
10808 -380
10812 27940
10816 -18958
10820 44462
10824 -970
10828 40030
10832 -17934
10836 -9986
10840 664
10844 20490
10848 -21114
10852 6088
10856 928
10860 18432
10864 -19650
10868 -52140
10872 -3674
10876 54636
10880 -14616
10884 82076
10888 -1782
10892 71838
10896 -18508
10900 -6272
10904 934
10908 18758
10912 -21408
10916 11630
10920 670
10924 19810
10928 -18516
10932 -30594
10936 -1428
10940 36252
10944 -20648
10948 28476
10952 -272
10956 28418
10960 -17676
10964 -14404
10968 232
10972 23342
10976 -20808
10980 1580
10984 1106
10988 18274
10992 -16438
10996 -7476
11000 -16256
11004 428
11008 -16195
11012 6700
11016 15963
11020 1232
11024 -20198
11028 -1326
11032 -952
11036 17636
11040 -17760
11044 14450
11048 -238
11052 23492
11056 -20528
11060 -28438
11064 192
11068 28150
11072 -18636
11076 30642
11080 1306
11084 36574
11088 -21316
11092 -11578
11096 -642
11100 19640
11104 -18918
11108 6430
11112 -820
11116 19150
11120 -14346
11124 -82342
11128 1192
11132 71318
11136 -19714
11140 51936
11144 3352
11148 54948
11152 -20842
11156 -5940
11160 -856
11164 18098
11168 -18062
11172 10084
11176 -602
11180 20666
11184 -18830
11188 -44408
11192 790
11196 39628
11200 -18094
11204 20626
11208 320
11212 28332
11216 -21334
11220 -18798
11224 -318
11228 22738
11232 -21496
11236 3050
11240 -522
11244 19748
11248 14024
11252 -32838
11256 11112
11260 -8876
11264 34685
11268 -2449
11272 -21889
11276 50537
11280 -20182
11284 -1292
11288 1250
11292 16580
11296 -19192
11300 20650
11304 -1422
11308 22968
11312 -17460
11316 -20058
11320 1378
11324 27528
11328 -15208
11332 45616
11336 -3522
11340 44044
11344 -18712
11348 -9696
11352 1780
11356 19484
11360 -20786
11364 8278
11368 176
11372 17472
11376 -17902
11380 -46782
11384 -1518
11388 54002
11392 -9618
11396 85926
11400 -4676
11404 84694
11408 -19522
11412 -5470
11416 1638
11420 17580
11424 -20192
11428 13900
11432 -558
11436 19304
11440 -17396
11444 -28956
11448 576
11452 36126
11456 -17642
11460 29958
11464 -2390
11468 29882
11472 -17998
11476 -14298
11480 1730
11484 22604
11488 -21108
11492 3428
11496 850
11500 17038
11504 -14273
11508 406
11512 -13999
11516 7204
11520 -21029
11524 18950
11528 20931
11532 -9394
11536 -19218
11540 -1422
11544 -1426
11548 18746
11552 -19398
11556 13800
11560 1228
11564 24512
11568 -21310
11572 -26640
11576 -1672
11580 26486
11584 -21920
11588 33188
11592 3734
11596 37084
11600 -20704
11604 -10420
11608 -1932
11612 19914
11616 -18798
11620 5382
11624 -326
11628 20404
11632 -16930
11636 -77606
11640 -346
11644 60622
11648 -23554
11652 59518
11656 6442
11660 56080
11664 -19906
11668 -5374
11672 -1750
11676 18888
11680 -18778
11684 9002
11688 390
11692 21884
11696 -20450
11700 -42354
11704 -1140
11708 35740
11712 -20548
11716 21016
11720 2278
11724 29000
11728 -21312
11732 -17160
11736 -1928
11740 22184
11744 -20142
11748 2312
11752 -662
11756 20294
11760 6716
11764 -37904
11768 5758
11772 -21944
11776 7109
11780 36492
11784 -6271
11788 -20474
11792 -18650
11796 -1940
11800 1032
11804 19126
11808 -21334
11812 17128
11816 1916
11820 22302
11824 -20386
11828 -20912
11832 -2340
11836 28684
11840 -20584
11844 42394
11848 976
11852 36094
11856 -18660
11860 -8914
11864 -348
11868 21710
11872 -20200
11876 5538
11880 1812
11884 19222
11888 -23444
11892 -59746
11896 -6784
11900 55686
11904 -17156
11908 77360
11912 -116
11916 61060
11920 -18432
11924 -5216
11928 428
11932 20062
11936 -20796
11940 10488
11944 1960
11948 20092
11952 -21800
11956 -33160
11960 -3850
11964 36760
11968 -21444
11972 26700
11976 1598
11980 26766
11984 -19336
11988 -13780
11992 -1250
11996 24364
12000 -20000
12004 1760
12008 1578
12012 19468
12016 -21249
12020 -19904
12024 -21211
12028 -10378
12032 -14037
12036 -1069
12040 13719
12044 7899
12048 -20622
12052 -3220
12056 -696
12060 16468
12064 -18120
12068 14364
12072 -1720
12076 22792
12080 -17556
12084 -29956
12088 2292
12092 29664
12096 -17536
12100 29026
12104 -696
12108 36478
12112 -20120
12116 -13874
12120 586
12124 19160
12128 -19984
12132 5616
12136 -1486
12140 18036
12144 -9312
12148 -86272
12152 3948
12156 84190
12160 -17880
12164 46596
12168 1278
12172 54230
12176 -20536
12180 -8116
12184 -68
12188 17122
12192 -18838
12196 9802
12200 -1684
12204 19642
12208 -15106
12212 -45506
12216 3368
12220 43560
12224 -17912
12228 20350
12232 -1470
12236 28172
12240 -19328
12244 -20970
12248 1362
12252 23204
12256 -24440
12260 1458
12264 -634
12268 20926
12272 33507
12276 -2824
12280 20323
12284 44948
8192 1344265
8196 0
8200 1344247
8204 0
8208 18
8212 -1
8216 0
8220 -19
8224 17
8228 -21
8232 -1
8236 -27
8240 17
8244 18
8248 1
8252 -26
8256 16
8260 -49
8264 -2
8268 -51
8272 18
8276 7
8280 0
8284 -21
8288 18
8292 -9
8296 0
8300 -21
8304 16
8308 47
8312 2
8316 -51
8320 15
8324 -113
8328 -3
8332 -113
8336 18
8340 3
8344 0
8348 -19
8352 18
8356 -13
8360 0
8364 -23
8368 17
8372 28
8376 1
8380 -34
8384 17
8388 -30
8392 -1
8396 -34
8400 18
8404 12
8408 0
8412 -22
8416 18
8420 -5
8424 0
8428 -19
8432 219
8436 3608
8440 -201
8444 -3610
8448 3515
8452 -11819
8456 3497
8460 -11819
8464 18
8468 1
8472 0
8476 -19
8480 18
8484 -17
8488 0
8492 -25
8496 17
8500 22
8504 1
8508 -30
8512 17
8516 -37
8520 -1
8524 -41
8528 18
8532 9
8536 0
8540 -21
8544 18
8548 -6
8552 0
8556 -20
8560 15
8564 67
8568 3
8572 -69
8576 15
8580 -68
8584 -3
8588 -70
8592 18
8596 5
8600 0
8604 -19
8608 18
8612 -11
8616 0
8620 -21
8624 17
8628 35
8632 1
8636 -41
8640 17
8644 -24
8648 -1
8652 -30
8656 18
8660 15
8664 0
8668 -25
8672 19
8676 -4
8680 -1
8684 -20
8688 3433
8692 11802
8696 -3413
8700 -11800
8704 264466
8708 -234879
8712 264446
8716 -234873
8720 16
8724 -2
8728 -2
8732 -18
8736 17
8740 -19
8744 -1
8748 -27
8752 18
8756 21
8760 0
8764 -29
8768 16
8772 -43
8776 -2
8780 -47
8784 18
8788 8
8792 0
8796 -22
8800 18
8804 -8
8808 0
8812 -20
8816 15
8820 56
8824 3
8828 -60
8832 14
8836 -86
8840 -4
8844 -86
8848 18
8852 4
8856 0
8860 -20
8864 17
8868 -12
8872 -1
8876 -22
8880 17
8884 31
8888 1
8892 -37
8896 17
8900 -27
8904 -1
8908 -33
8912 18
8916 13
8920 0
8924 -23
8928 18
8932 -4
8936 0
8940 -20
8944 500
8948 5491
8952 -482
8956 -5491
8960 491
8964 -5494
8968 473
8972 -5494
8976 18
8980 1
8984 0
8988 -19
8992 17
8996 -15
9000 -1
9004 -23
9008 17
9012 25
9016 1
9020 -33
9024 16
9028 -33
9032 -2
9036 -37
9040 18
9044 10
9048 0
9052 -22
9056 18
9060 -6
9064 0
9068 -20
9072 15
9076 84
9080 3
9084 -86
9088 16
9092 -54
9096 0
9100 -56
9104 17
9108 7
9112 1
9116 -19
9120 17
9124 -8
9128 1
9132 -20
9136 13
9140 39
9144 5
9148 -43
9152 16
9156 -27
9160 -4
9164 -31
9168 22
9172 16
9176 -4
9180 -28
9184 37
9188 -56
9192 -53
9196 -38
9200 261682
9204 236126
9208 -261516
9212 -236080
9216 -449359
9220 377441
9224 -449377
9228 377437
9232 19
9236 2
9240 1
9244 -20
9248 18
9252 -18
9256 0
9260 -26
9264 17
9268 21
9272 1
9276 -27
9280 16
9284 -44
9288 -2
9292 -48
9296 17
9300 7
9304 1
9308 -21
9312 18
9316 -8
9320 0
9324 -20
9328 15
9332 50
9336 3
9340 -54
9344 15
9348 -97
9352 -3
9356 -97
9360 18
9364 3
9368 0
9372 -19
9376 17
9380 -14
9384 -1
9388 -22
9392 17
9396 30
9400 1
9404 -36
9408 17
9412 -28
9416 -1
9420 -34
9424 18
9428 13
9432 0
9436 -23
9440 18
9444 -4
9448 0
9452 -20
9456 256
9460 4353
9464 -238
9468 -4353
9472 1189
9476 -7490
9480 1171
9484 -7490
9488 18
9492 1
9496 0
9500 -19
9504 17
9508 -16
9512 -1
9516 -24
9520 17
9524 24
9528 1
9532 -32
9536 17
9540 -35
9544 -1
9548 -39
9552 18
9556 10
9560 0
9564 -22
9568 18
9572 -6
9576 0
9580 -20
9584 14
9588 74
9592 4
9596 -76
9600 15
9604 -62
9608 -3
9612 -64
9616 18
9620 6
9624 0
9628 -20
9632 18
9636 -11
9640 0
9644 -21
9648 16
9652 38
9656 2
9660 -42
9664 17
9668 -23
9672 -1
9676 -29
9680 18
9684 15
9688 0
9692 -25
9696 20
9700 -6
9704 -4
9708 -22
9712 15285
9716 26124
9720 -15257
9724 -26118
9728 15497
9732 -26072
9736 15479
9740 -26072
9744 17
9748 0
9752 -1
9756 -18
9760 17
9764 -17
9768 -1
9772 -25
9776 17
9780 21
9784 1
9788 -29
9792 16
9796 -40
9800 -2
9804 -44
9808 18
9812 9
9816 0
9820 -21
9824 18
9828 -8
9832 0
9836 -20
9840 15
9844 60
9848 3
9852 -64
9856 14
9860 -75
9864 -4
9868 -77
9872 18
9876 4
9880 0
9884 -20
9888 18
9892 -12
9896 0
9900 -22
9904 17
9908 33
9912 1
9916 -39
9920 17
9924 -26
9928 -1
9932 -32
9936 18
9940 14
9944 0
9948 -24
9952 18
9956 -4
9960 0
9964 -20
9968 1161
9972 7471
9976 -1141
9980 -7471
9984 350
9988 -4319
9992 332
9996 -4319
10000 17
10004 3
10008 1
10012 -19
10016 18
10020 -14
10024 0
10028 -22
10032 16
10036 27
10040 2
10044 -33
10048 17
10052 -31
10056 -1
10060 -35
10064 17
10068 11
10072 1
10076 -21
10080 18
10084 -5
10088 0
10092 -19
10096 13
10100 95
10104 5
10108 -97
10112 15
10116 -57
10120 -5
10124 -59
10128 19
10132 6
10136 -1
10140 -22
10144 19
10148 -11
10152 -1
10156 -23
10160 21
10164 46
10168 -1
10172 -52
10176 20
10180 -13
10184 8
10188 -23
10192 9
10196 20
10200 9
10204 -22
10208 -13
10212 91
10216 91
10220 11
10224 -444366
10228 -379827
10232 444130
10236 379755
10240 -28223
10244 0
10248 -37299
10252 0
10256 4678
10260 -4343
10264 4394
10268 -4623
10272 4685
10276 1493
10280 -4399
10284 -2177
10288 9062
10292 9088
10296 2
10300 -12658
10304 9168
10308 -22026
10312 112
10316 -23720
10320 4659
10324 -2758
10328 4377
10332 -3176
10336 4724
10340 2795
10344 -4440
10348 -3221
10352 4706
10356 -26
10360 4424
10364 -1450
10368 4663
10372 -1081
10376 -4367
10380 -1871
10384 4656
10388 -3492
10392 4374
10396 -3832
10400 4700
10404 2116
10408 -4416
10412 -2646
10416 9088
10420 13600
10424 -4
10428 -16136
10432 9132
10436 -13620
10440 44
10444 -16276
10448 4672
10452 -2092
10456 4390
10460 -2616
10464 4814
10468 3558
10472 -4526
10476 -3910
10480 9108
10484 46960
10488 176
10492 -47232
10496 7646
10500 -104180
10504 -1404
10508 -104518
10512 4648
10516 -3901
10520 4366
10524 -4207
10528 4698
10532 1807
10536 -4414
10540 -2407
10544 9086
10548 11074
10552 -10
10556 -14124
10560 9146
10564 -17034
10568 62
10572 -19220
10576 4668
10580 -2419
10584 4384
10588 -2887
10592 4748
10596 3153
10600 -4462
10604 -3539
10608 4741
10612 499
10616 4459
10620 -1423
10624 4670
10628 -347
10632 -4380
10636 -1579
10640 4646
10644 -3106
10648 4364
10652 -3482
10656 4705
10660 2440
10664 -4421
10668 -2914
10672 9090
10676 17012
10680 4
10684 -19044
10688 9142
10692 -11116
10696 32
10700 -14274
10704 4688
10708 -1782
10712 4404
10716 -2378
10720 4999
10724 4045
10728 -4705
10732 -4377
10736 4888
10740 3722
10744 4740
10748 -2776
10752 -716
10756 -16490
10760 -9580
10764 -16480
10768 4622
10772 -4066
10776 4342
10780 -4356
10784 4692
10788 1632
10792 -4410
10796 -2272
10800 9102
10804 9976
10808 -60
10812 -13330
10816 9110
10820 -19302
10824 38
10828 -21222
10832 4658
10836 -2600
10840 4374
10844 -3042
10848 4737
10852 2959
10856 -4453
10860 -3365
10864 4721
10868 197
10872 4435
10876 -1441
10880 4671
10884 -664
10888 -4379
10892 -1668
10896 4645
10900 -3294
10904 4363
10908 -3652
10912 4699
10916 2275
10920 -4415
10924 -2775
10928 9092
10932 15168
10936 0
10940 -17460
10944 9136
10948 -12270
10952 36
10956 -15182
10960 4669
10964 -1930
10968 4387
10972 -2488
10976 4863
10980 3779
10984 -4575
10988 -4117
10992 8970
10996 64444
11000 432
11004 -64252
11008 9200
11012 -64298
11016 140
11020 -64860
11024 4654
11028 -3696
11032 4370
11036 -4020
11040 4695
11044 1958
11048 -4411
11052 -2522
11056 9094
11060 12250
11064 -6
11068 -15058
11072 9138
11076 -15198
11080 46
11084 -17620
11088 4674
11092 -2256
11096 4390
11100 -2750
11104 4775
11108 3353
11112 -4489
11116 -3721
11120 4763
11124 860
11128 4481
11132 -1466
11136 4634
11140 -98
11144 -4350
11148 -1536
11152 4610
11156 -2923
11160 4328
11164 -3315
11168 4691
11172 2584
11176 -4409
11180 -3030
11184 9098
11188 19128
11192 -46
11196 -20894
11200 9320
11204 -10170
11208 76
11212 -13678
11216 4761
11220 -1621
11224 4475
11228 -2269
11232 6232
11236 5393
11240 -5866
11244 -5783
11248 -163334
11252 527940
11256 173234
11260 -520298
11264 365690
11268 -183480
11272 356582
11276 -183512
11280 4644
11284 -4245
11288 4360
11292 -4529
11296 4693
11300 1575
11304 -4409
11308 -2235
11312 9076
11316 9526
11320 -12
11324 -13000
11328 9162
11332 -20564
11336 94
11340 -22390
11344 4656
11348 -2666
11352 4372
11356 -3096
11360 4731
11364 2869
11368 -4447
11372 -3285
11376 4716
11380 83
11384 4434
11388 -1441
11392 4680
11396 -856
11400 -4386
11404 -1750
11408 4658
11412 -3398
11416 4376
11420 -3746
11424 4704
11428 2190
11432 -4420
11436 -2704
11440 9092
11444 14352
11448 -8
11452 -16770
11456 9132
11460 -12922
11464 52
11468 -15712
11472 4670
11476 -2015
11480 4386
11484 -2557
11488 4828
11492 3664
11496 -4540
11500 -4010
11504 9084
11508 54338
11512 258
11516 -54378
11520 8912
11524 -79238
11528 -144
11532 -79696
11536 4650
11540 -3800
11544 4366
11548 -4116
11552 4697
11556 1884
11560 -4413
11564 -2464
11568 9082
11572 11632
11576 6
11580 -14570
11584 9138
11588 -16082
11592 60
11596 -18378
11600 4665
11604 -2335
11608 4383
11612 -2817
11616 4757
11620 3253
11624 -4471
11628 -3629
11632 4751
11636 665
11640 4469
11644 -1441
11648 4664
11652 -214
11656 -4376
11660 -1558
11664 4648
11668 -3011
11672 4366
11676 -3397
11680 4705
11684 2526
11688 -4423
11692 -2986
11696 9082
11700 18068
11704 12
11708 -19962
11712 9156
11716 -10588
11720 28
11724 -13890
11728 4700
11732 -1696
11736 4416
11740 -2312
11744 5184
11748 4247
11752 -4886
11756 -4583
11760 4760
11764 5822
11768 5086
11772 -4020
11776 4384
11780 -4837
11784 -4640
11788 -5045
11792 4645
11796 -4002
11800 4363
11804 -4302
11808 4699
11812 1721
11816 -4415
11820 -2339
11824 9086
11828 10526
11832 -14
11836 -13720
11840 9130
11844 -18102
11848 56
11852 -20160
11856 4664
11860 -2506
11864 4382
11868 -2960
11872 4744
11876 3053
11880 -4458
11884 -3447
11888 4732
11892 346
11896 4450
11900 -1422
11904 4669
11908 -494
11912 -4379
11916 -1616
11920 4650
11924 -3207
11928 4368
11932 -3573
11936 4700
11940 2358
11944 -4416
11948 -2846
11952 9092
11956 16060
11960 -8
11964 -18216
11968 9138
11972 -11664
11976 28
11980 -14704
11984 4682
11988 -1858
11992 4398
11996 -2434
12000 4913
12004 3903
12008 -4623
12012 -4237
12016 8610
12020 79448
12024 886
12028 -78950
12032 9214
12036 -54192
12040 158
12044 -54844
12048 4642
12052 -3597
12056 4358
12060 -3927
12064 4698
12068 2037
12072 -4416
12076 -2583
12080 9104
12084 12888
12088 -32
12092 -15576
12096 9118
12100 -14374
12104 26
12108 -16908
12112 4675
12116 -2169
12120 4391
12124 -2679
12128 4799
12132 3450
12136 -4513
12140 -3810
12144 4782
12148 1073
12152 4498
12156 -1523
12160 4658
12164 42
12168 -4366
12172 -1566
12176 4652
12180 -2808
12184 4372
12188 -3216
12192 4688
12196 2707
12200 -4404
12204 -3141
12208 8996
12212 20556
12216 102
12220 -22142
12224 9022
12228 -9710
12232 -156
12236 -13158
12240 4675
12244 -1605
12248 4383
12252 -2259
12256 5788
12260 3249
12264 -5562
12268 -3611
12272 18608
12276 5900
12280 -3776
12284 -5712 